{
  "generated_by": {
    "program": "augur",
    "version": "24.4.0"
  },
  "models": {
    "country": {
      "alphabet": [
        "",
        "Burkina Faso",
        "China",
        "Egypt",
        "Ethiopia",
        "France",
        "Greece",
        "Jordan",
        "Kenya",
        "Morocco",
        "Nigeria",
        "Oman",
        "Qatar",
        "Saudi Arabia",
        "South Korea",
        "Thailand",
        "Tunisia",
        "USA",
        "United Arab Emirates",
        "United Kingdom",
        "?"
      ],
      "equilibrium_probabilities": [
        0.06318842751571116,
        0.05801515624645645,
        0.057418931422317174,
        0.0554584420992984,
        0.055692976333284565,
        0.052394954906584204,
        0.05196147224604981,
        0.038987309338656274,
        0.06100481631331956,
        0.05818741300283085,
        0.05886318154158526,
        0.045447471029771716,
        0.04562270103952252,
        0.03317442477269634,
        0.03921303742567255,
        0.05275691808875011,
        0.05221018729606158,
        0.04924395355146806,
        0.023969464985563873,
        0.047188760844399616
      ],
      "rate": 49.4062171207716,
      "transition_matrix": [
        [
          0.0,
          0.933056417405659,
          0.9331028291259195,
          0.9363903369352515,
          0.935582465179894,
          0.9330513467875728,
          0.9332515319903908,
          1.4111201664760789,
          2.798614541024304,
          0.9332210801601579,
          0.9326642967132033,
          0.9333086767364244,
          0.9331710472750729,
          0.9346099387168803,
          1.3989406747978865,
          0.9332561228661294,
          0.9332523455838507,
          0.9331994386639729,
          1.3829176710041249,
          0.9331040446955734
        ],
        [
          0.933056417405659,
          0.0,
          0.9333126985905326,
          1.4027745112938383,
          0.9361441914264667,
          0.9332361699752889,
          0.9334346124773327,
          0.9322443586281743,
          0.932576418874843,
          1.407266264533996,
          1.4140965065894413,
          0.9334219964345688,
          0.933319892676475,
          0.9221410345713974,
          0.9328157255856656,
          0.9334343241338816,
          0.9334344543340867,
          0.9333775116513146,
          0.9263317492927046,
          0.933272545172896
        ],
        [
          0.9331028291259195,
          0.9333126985905326,
          0.0,
          0.9332935384596222,
          0.9320475733188217,
          0.9332929040457917,
          0.9334837960471797,
          0.9322930283451831,
          0.9326312111327624,
          0.933481487183525,
          0.9329780161401053,
          0.9334624622461323,
          0.9333659764555995,
          1.3170813642584451,
          1.9423817487089312,
          0.9334818568041371,
          0.9334834526386525,
          0.9334257905727239,
          0.9246888128592792,
          0.9333222399533876
        ],
        [
          0.9363903369352515,
          1.4027745112938383,
          0.9332935384596222,
          0.0,
          1.8929283504708991,
          0.9333131096881592,
          0.9334064068898955,
          0.9325963273582949,
          0.9329907672616481,
          0.9444786123305352,
          0.9468113341878307,
          0.9339527011964904,
          0.9334959390058737,
          0.9309604195716172,
          0.9328979962123795,
          0.9335370290236809,
          0.9334348537503444,
          0.933359403293692,
          1.2385360860217947,
          0.9333287812381401
        ],
        [
          0.935582465179894,
          0.9361441914264667,
          0.9320475733188217,
          1.8929283504708991,
          0.0,
          0.9321740800230093,
          0.9322789869467969,
          0.9317405572990265,
          3.0176371109050053,
          0.9321880154123736,
          0.9317007252697728,
          0.9329562005993342,
          0.9325018625353206,
          0.9300192471557764,
          0.9320438643999481,
          0.9323900303926709,
          0.9323015311306342,
          0.9322905754786932,
          1.2303148089754756,
          0.9323028895666731
        ],
        [
          0.9330513467875728,
          0.9332361699752889,
          0.9332929040457917,
          0.9333131096881592,
          0.9321740800230093,
          0.0,
          0.9334123822716989,
          0.9324617585925807,
          0.9326098263006898,
          0.9333900405918476,
          0.932929247124542,
          0.9334555922146262,
          0.9333569846074468,
          1.0830042350560425,
          0.9329102808050052,
          0.9334098418684981,
          0.9335309796815672,
          0.9333719458045278,
          1.2600827958933503,
          0.9332972294132283
        ],
        [
          0.9332515319903908,
          0.9334346124773327,
          0.9334837960471797,
          0.9334064068898955,
          0.9322789869467969,
          0.9334123822716989,
          0.0,
          0.9330746264394434,
          0.932823874506963,
          0.9335886641513725,
          0.9331338805204824,
          0.9335536386448207,
          0.9334654896373145,
          1.3844320539150374,
          0.9329959336634658,
          0.9335804744651868,
          0.9335807908739102,
          0.9335238032182102,
          0.9252780849369723,
          0.9334284111913761
        ],
        [
          1.4111201664760789,
          0.9322443586281743,
          0.9322930283451831,
          0.9325963273582949,
          0.9317405572990265,
          0.9324617585925807,
          0.9330746264394434,
          0.0,
          0.9317483214608175,
          0.9323519252110707,
          0.931997178328179,
          0.932707169910415,
          0.934656365184336,
          4.669739499724205,
          0.9323410158534334,
          0.9324644303028273,
          0.9324772203070345,
          0.9331032539756721,
          1.8597186269034882,
          0.9325406986384804
        ],
        [
          2.798614541024304,
          0.932576418874843,
          0.9326312111327624,
          0.9329907672616481,
          3.0176371109050053,
          0.9326098263006898,
          0.932823874506963,
          0.9317483214608175,
          0.0,
          0.93274337882051,
          0.9322006953293793,
          0.932878816255839,
          0.9327737640332737,
          0.9211576561117985,
          0.9323207921607144,
          0.9328125112661505,
          0.9328204779915336,
          0.9327952206013669,
          0.9243706636188082,
          0.9327076886670439
        ],
        [
          0.9332210801601579,
          1.407266264533996,
          0.933481487183525,
          0.9444786123305352,
          0.9321880154123736,
          0.9333900405918476,
          0.9335886641513725,
          0.9323519252110707,
          0.93274337882051,
          0.0,
          0.9377633513470592,
          0.933548781992014,
          0.9334516661713577,
          0.9221349188418148,
          0.9329290826077387,
          0.9335887505681059,
          0.9335888496022878,
          0.933523174190704,
          0.9242786173320514,
          0.933410703208767
        ],
        [
          0.9326642967132033,
          1.4140965065894413,
          0.9329780161401053,
          0.9468113341878307,
          0.9317007252697728,
          0.932929247124542,
          0.9331338805204824,
          0.931997178328179,
          0.9322006953293793,
          0.9377633513470592,
          0.0,
          0.933150471657469,
          0.9330508515163051,
          0.9217204225593828,
          0.9325785667924199,
          0.9331270187602402,
          0.9331318883499005,
          0.9330914544934591,
          0.9239710802642553,
          0.9329957427070245
        ],
        [
          0.9333086767364244,
          0.9334219964345688,
          0.9334624622461323,
          0.9339527011964904,
          0.9329562005993342,
          0.9334555922146262,
          0.9335536386448207,
          0.932707169910415,
          0.932878816255839,
          0.933548781992014,
          0.933150471657469,
          0.0,
          0.9335134584200689,
          1.0743835284435788,
          0.9330886674098388,
          0.9335536895358466,
          0.9335549798773,
          0.9335123366661967,
          3.1491912156076234,
          0.9334642141247782
        ],
        [
          0.9331710472750729,
          0.933319892676475,
          0.9333659764555995,
          0.9334959390058737,
          0.9325018625353206,
          0.9333569846074468,
          0.9334654896373145,
          0.934656365184336,
          0.9327737640332737,
          0.9334516661713577,
          0.9330508515163051,
          0.9335134584200689,
          0.0,
          2.204496610862322,
          0.9330182012614829,
          0.9334625298024998,
          0.9334656344585756,
          0.9334300575761637,
          1.5300292888872564,
          0.9747604181320925
        ],
        [
          0.9346099387168803,
          0.9221410345713974,
          1.3170813642584451,
          0.9309604195716172,
          0.9300192471557764,
          1.0830042350560425,
          1.3844320539150374,
          4.669739499724205,
          0.9211576561117985,
          0.9221349188418148,
          0.9217204225593828,
          1.0743835284435788,
          2.204496610862322,
          0.0,
          3.8623445594797396,
          0.923218946337532,
          1.2350130375326054,
          1.8514951048877462,
          10.662816606984899,
          2.191493298259281
        ],
        [
          1.3989406747978865,
          0.9328157255856656,
          1.9423817487089312,
          0.9328979962123795,
          0.9320438643999481,
          0.9329102808050052,
          0.9329959336634658,
          0.9323410158534334,
          0.9323207921607144,
          0.9329290826077387,
          0.9325785667924199,
          0.9330886674098388,
          0.9330182012614829,
          3.8623445594797396,
          0.0,
          0.9329849719304941,
          0.9329935961859424,
          0.9329925056375755,
          0.9807460187481035,
          0.9329693993892793
        ],
        [
          0.9332561228661294,
          0.9334343241338816,
          0.9334818568041371,
          0.9335370290236809,
          0.9323900303926709,
          0.9334098418684981,
          0.9335804744651868,
          0.9324644303028273,
          0.9328125112661505,
          0.9335887505681059,
          0.9331270187602402,
          0.9335536895358466,
          0.9334625298024998,
          0.923218946337532,
          0.9329849719304941,
          0.0,
          0.9335807109979108,
          0.9335215947209148,
          1.387674800751456,
          0.9334247359662354
        ],
        [
          0.9332523455838507,
          0.9334344543340867,
          0.9334834526386525,
          0.9334348537503444,
          0.9323015311306342,
          0.9335309796815672,
          0.9335807908739102,
          0.9324772203070345,
          0.9328204779915336,
          0.9335888496022878,
          0.9331318883499005,
          0.9335549798773,
          0.9334656344585756,
          1.2350130375326054,
          0.9329935961859424,
          0.9335807109979108,
          0.0,
          0.9335235602733627,
          1.075791510098923,
          0.9334282767882031
        ],
        [
          0.9331994386639729,
          0.9333775116513146,
          0.9334257905727239,
          0.933359403293692,
          0.9322905754786932,
          0.9333719458045278,
          0.9335238032182102,
          0.9331032539756721,
          0.9327952206013669,
          0.933523174190704,
          0.9330914544934591,
          0.9335123366661967,
          0.9334300575761637,
          1.8514951048877462,
          0.9329925056375755,
          0.9335215947209148,
          0.9335235602733627,
          0.0,
          0.9257807580796761,
          0.9333927899184992
        ],
        [
          1.3829176710041249,
          0.9263317492927046,
          0.9246888128592792,
          1.2385360860217947,
          1.2303148089754756,
          1.2600827958933503,
          0.9252780849369723,
          1.8597186269034882,
          0.9243706636188082,
          0.9242786173320514,
          0.9239710802642553,
          3.1491912156076234,
          1.5300292888872564,
          10.662816606984899,
          0.9807460187481035,
          1.387674800751456,
          1.075791510098923,
          0.9257807580796761,
          0.0,
          1.0573687955101125
        ],
        [
          0.9331040446955734,
          0.933272545172896,
          0.9333222399533876,
          0.9333287812381401,
          0.9323028895666731,
          0.9332972294132283,
          0.9334284111913761,
          0.9325406986384804,
          0.9327076886670439,
          0.933410703208767,
          0.9329957427070245,
          0.9334642141247782,
          0.9747604181320925,
          2.191493298259281,
          0.9329693993892793,
          0.9334247359662354,
          0.9334282767882031,
          0.9333927899184992,
          1.0573687955101125,
          0.0
        ]
      ]
    },
    "host": {
      "alphabet": [
        "Bat",
        "Camel",
        "Human",
        "Llama",
        "?"
      ],
      "equilibrium_probabilities": [
        0.26458086291796545,
        0.36687532652357985,
        0.16684188162014224,
        0.20170192893831249
      ],
      "rate": 46.488875619075465,
      "transition_matrix": [
        [
          0.0,
          0.7709216692827466,
          0.8079195767259078,
          0.20392623341714672
        ],
        [
          0.7709216692827466,
          0.0,
          5.760831779113982,
          0.23700798096308576
        ],
        [
          0.8079195767259078,
          5.760831779113982,
          0.0,
          0.25142748744704474
        ],
        [
          0.20392623341714672,
          0.23700798096308576,
          0.25142748744704474,
          0.0
        ]
      ]
    }
  },
  "nodes": {
    "JX869059": {
      "country": "",
      "country_confidence": {
        "": 0.9999999999999999
      },
      "country_entropy": -9.99866855976916e-13,
      "host": "Human",
      "host_confidence": {
        "Human": 0.9999999999999999
      },
      "host_entropy": -9.99866855976916e-13
    },
    "KC164505": {
      "country": "United Kingdom",
      "country_confidence": {
        "United Kingdom": 1.0
      },
      "country_entropy": -1.000088900581841e-12,
      "host": "Human",
      "host_confidence": {
        "Human": 1.0
      },
      "host_entropy": -1.000088900581841e-12
    },
    "KC667074": {
      "country": "United Kingdom",
      "country_confidence": {
        "United Kingdom": 1.0
      },
      "country_entropy": -1.000088900581841e-12,
      "host": "Human",
      "host_confidence": {
        "Human": 1.0
      },
      "host_entropy": -1.000088900581841e-12
    },
    "KC776174": {
      "country": "Jordan",
      "country_confidence": {
        "Jordan": 1.0
      },
      "country_entropy": -1.000088900581841e-12,
      "host": "Human",
      "host_confidence": {
        "Human": 1.0
      },
      "host_entropy": -1.000088900581841e-12
    },
    "KC875821": {
      "country": "Qatar",
      "country_confidence": {
        "Qatar": 1.0
      },
      "country_entropy": -1.000088900581841e-12,
      "host": "Human",
      "host_confidence": {
        "Human": 0.9999999999999999
      },
      "host_entropy": -9.99866855976916e-13
    },
    "KF186564": {
      "country": "Saudi Arabia",
      "country_confidence": {
        "Saudi Arabia": 0.9999999999999999
      },
      "country_entropy": -9.99866855976916e-13,
      "host": "Human",
      "host_confidence": {
        "Human": 1.0
      },
      "host_entropy": -1.000088900581841e-12
    },
    "KF192507": {
      "country": "United Arab Emirates",
      "country_confidence": {
        "United Arab Emirates": 1.0
      },
      "country_entropy": -1.000088900581841e-12,
      "host": "Human",
      "host_confidence": {
        "Human": 1.0
      },
      "host_entropy": -1.000088900581841e-12
    },
    "KF600612": {
      "country": "Saudi Arabia",
      "country_confidence": {
        "Saudi Arabia": 1.0
      },
      "country_entropy": -1.000088900581841e-12,
      "host": "Human",
      "host_confidence": {
        "Human": 1.0
      },
      "host_entropy": -1.000088900581841e-12
    },
    "KF600620": {
      "country": "Saudi Arabia",
      "country_confidence": {
        "Saudi Arabia": 1.0
      },
      "country_entropy": -1.000088900581841e-12,
      "host": "Human",
      "host_confidence": {
        "Human": 1.0
      },
      "host_entropy": -1.000088900581841e-12
    },
    "KF600622": {
      "country": "Saudi Arabia",
      "country_confidence": {
        "Saudi Arabia": 1.0
      },
      "country_entropy": -1.000088900581841e-12,
      "host": "Human",
      "host_confidence": {
        "Human": 1.0
      },
      "host_entropy": -1.000088900581841e-12
    },
    "KF600623": {
      "country": "Saudi Arabia",
      "country_confidence": {
        "Saudi Arabia": 1.0
      },
      "country_entropy": -1.000088900581841e-12,
      "host": "Human",
      "host_confidence": {
        "Human": 1.0
      },
      "host_entropy": -1.000088900581841e-12
    },
    "KF600636": {
      "country": "Saudi Arabia",
      "country_confidence": {
        "Saudi Arabia": 0.9999999999999999
      },
      "country_entropy": -9.99866855976916e-13,
      "host": "Human",
      "host_confidence": {
        "Human": 1.0
      },
      "host_entropy": -1.000088900581841e-12
    },
    "KF600648": {
      "country": "Saudi Arabia",
      "country_confidence": {
        "Saudi Arabia": 1.0
      },
      "country_entropy": -1.000088900581841e-12,
      "host": "Human",
      "host_confidence": {
        "Human": 1.0
      },
      "host_entropy": -1.000088900581841e-12
    },
    "KF600652": {
      "country": "Saudi Arabia",
      "country_confidence": {
        "Saudi Arabia": 1.0
      },
      "country_entropy": -1.000088900581841e-12,
      "host": "Human",
      "host_confidence": {
        "Human": 0.9999999999999999
      },
      "host_entropy": -9.99866855976916e-13
    },
    "KF600655": {
      "country": "Saudi Arabia",
      "country_confidence": {
        "Saudi Arabia": 1.0
      },
      "country_entropy": -1.000088900581841e-12,
      "host": "Human",
      "host_confidence": {
        "Human": 1.0
      },
      "host_entropy": -1.000088900581841e-12
    },
    "KF745068": {
      "country": "France",
      "country_confidence": {
        "France": 1.0
      },
      "country_entropy": -1.000088900581841e-12,
      "host": "Human",
      "host_confidence": {
        "Human": 0.9999999999999999
      },
      "host_entropy": -9.99866855976916e-13
    },
    "KF811036": {
      "country": "Tunisia",
      "country_confidence": {
        "Tunisia": 1.0
      },
      "country_entropy": -1.000088900581841e-12,
      "host": "Human",
      "host_confidence": {
        "Human": 1.0
      },
      "host_entropy": -1.000088900581841e-12
    },
    "KF917527": {
      "country": "Saudi Arabia",
      "country_confidence": {
        "Saudi Arabia": 1.0
      },
      "country_entropy": -1.000088900581841e-12,
      "host": "Camel",
      "host_confidence": {
        "Camel": 1.0
      },
      "host_entropy": -1.000088900581841e-12
    },
    "KF961221": {
      "country": "Qatar",
      "country_confidence": {
        "Qatar": 0.9999999999999999
      },
      "country_entropy": -9.99866855976916e-13,
      "host": "Human",
      "host_confidence": {
        "Human": 1.0
      },
      "host_entropy": -1.000088900581841e-12
    },
    "KF961222": {
      "country": "Qatar",
      "country_confidence": {
        "Qatar": 0.9999999999999999
      },
      "country_entropy": -9.99866855976916e-13,
      "host": "Human",
      "host_confidence": {
        "Human": 1.0
      },
      "host_entropy": -1.000088900581841e-12
    },
    "KJ156888": {
      "country": "Saudi Arabia",
      "country_confidence": {
        "Saudi Arabia": 1.0
      },
      "country_entropy": -1.000088900581841e-12,
      "host": "Human",
      "host_confidence": {
        "Human": 1.0
      },
      "host_entropy": -1.000088900581841e-12
    },
    "KJ156903": {
      "country": "Saudi Arabia",
      "country_confidence": {
        "Saudi Arabia": 1.0
      },
      "country_entropy": -1.000088900581841e-12,
      "host": "Human",
      "host_confidence": {
        "Human": 1.0
      },
      "host_entropy": -1.000088900581841e-12
    },
    "KJ156944": {
      "country": "Saudi Arabia",
      "country_confidence": {
        "Saudi Arabia": 1.0
      },
      "country_entropy": -1.000088900581841e-12,
      "host": "Human",
      "host_confidence": {
        "Human": 1.0
      },
      "host_entropy": -1.000088900581841e-12
    },
    "KJ361499": {
      "country": "France",
      "country_confidence": {
        "France": 1.0
      },
      "country_entropy": -1.000088900581841e-12,
      "host": "Human",
      "host_confidence": {
        "Human": 0.9999999999999999
      },
      "host_entropy": -9.99866855976916e-13
    },
    "KJ361500": {
      "country": "France",
      "country_confidence": {
        "France": 1.0
      },
      "country_entropy": -1.000088900581841e-12,
      "host": "Human",
      "host_confidence": {
        "Human": 0.9999999999999999
      },
      "host_entropy": -9.99866855976916e-13
    },
    "KJ361501": {
      "country": "France",
      "country_confidence": {
        "France": 1.0
      },
      "country_entropy": -1.000088900581841e-12,
      "host": "Human",
      "host_confidence": {
        "Human": 0.9999999999999999
      },
      "host_entropy": -9.99866855976916e-13
    },
    "KJ361502": {
      "country": "France",
      "country_confidence": {
        "France": 1.0
      },
      "country_entropy": -1.000088900581841e-12,
      "host": "Human",
      "host_confidence": {
        "Human": 0.9999999999999999
      },
      "host_entropy": -9.99866855976916e-13
    },
    "KJ361503": {
      "country": "France",
      "country_confidence": {
        "France": 1.0
      },
      "country_entropy": -1.000088900581841e-12,
      "host": "Human",
      "host_confidence": {
        "Human": 0.9999999999999999
      },
      "host_entropy": -9.99866855976916e-13
    },
    "KJ477102": {
      "country": "Egypt",
      "country_confidence": {
        "Egypt": 1.0
      },
      "country_entropy": -1.000088900581841e-12,
      "host": "Camel",
      "host_confidence": {
        "Camel": 0.9999999999999999
      },
      "host_entropy": -9.99866855976916e-13
    },
    "KJ477103": {
      "country": "Egypt",
      "country_confidence": {
        "Egypt": 0.9999999999999999
      },
      "country_entropy": -9.99866855976916e-13,
      "host": "Camel",
      "host_confidence": {
        "Camel": 1.0
      },
      "host_entropy": -1.000088900581841e-12
    },
    "KJ556336": {
      "country": "Saudi Arabia",
      "country_confidence": {
        "Saudi Arabia": 1.0
      },
      "country_entropy": -1.000088900581841e-12,
      "host": "Human",
      "host_confidence": {
        "Human": 0.9999999999999999
      },
      "host_entropy": -9.99866855976916e-13
    },
    "KJ614529": {
      "country": "",
      "country_confidence": {
        "": 0.9999999999999999
      },
      "country_entropy": -9.99866855976916e-13,
      "host": "Bat",
      "host_confidence": {
        "Bat": 1.0
      },
      "host_entropy": -1.000088900581841e-12
    },
    "KJ650098": {
      "country": "Qatar",
      "country_confidence": {
        "Qatar": 1.0
      },
      "country_entropy": -1.000088900581841e-12,
      "host": "Camel",
      "host_confidence": {
        "Camel": 1.0
      },
      "host_entropy": -1.000088900581841e-12
    },
    "KJ650295": {
      "country": "Saudi Arabia",
      "country_confidence": {
        "Saudi Arabia": 1.0
      },
      "country_entropy": -1.000088900581841e-12,
      "host": "Camel",
      "host_confidence": {
        "Camel": 1.0
      },
      "host_entropy": -1.000088900581841e-12
    },
    "KJ650296": {
      "country": "Saudi Arabia",
      "country_confidence": {
        "Saudi Arabia": 1.0
      },
      "country_entropy": -1.000088900581841e-12,
      "host": "Camel",
      "host_confidence": {
        "Camel": 1.0
      },
      "host_entropy": -1.000088900581841e-12
    },
    "KJ650297": {
      "country": "Saudi Arabia",
      "country_confidence": {
        "Saudi Arabia": 1.0
      },
      "country_entropy": -1.000088900581841e-12,
      "host": "Camel",
      "host_confidence": {
        "Camel": 1.0
      },
      "host_entropy": -1.000088900581841e-12
    },
    "KJ713295": {
      "country": "Saudi Arabia",
      "country_confidence": {
        "Saudi Arabia": 1.0
      },
      "country_entropy": -1.000088900581841e-12,
      "host": "Camel",
      "host_confidence": {
        "Camel": 0.9999999999999999
      },
      "host_entropy": -9.99866855976916e-13
    },
    "KJ713296": {
      "country": "Saudi Arabia",
      "country_confidence": {
        "Saudi Arabia": 1.0
      },
      "country_entropy": -1.000088900581841e-12,
      "host": "Camel",
      "host_confidence": {
        "Camel": 1.0
      },
      "host_entropy": -1.000088900581841e-12
    },
    "KJ713297": {
      "country": "Saudi Arabia",
      "country_confidence": {
        "Saudi Arabia": 1.0
      },
      "country_entropy": -1.000088900581841e-12,
      "host": "Camel",
      "host_confidence": {
        "Camel": 1.0
      },
      "host_entropy": -1.000088900581841e-12
    },
    "KJ713298": {
      "country": "Saudi Arabia",
      "country_confidence": {
        "Saudi Arabia": 1.0
      },
      "country_entropy": -1.000088900581841e-12,
      "host": "Camel",
      "host_confidence": {
        "Camel": 1.0
      },
      "host_entropy": -1.000088900581841e-12
    },
    "KJ713299": {
      "country": "Saudi Arabia",
      "country_confidence": {
        "Saudi Arabia": 1.0
      },
      "country_entropy": -1.000088900581841e-12,
      "host": "Camel",
      "host_confidence": {
        "Camel": 1.0
      },
      "host_entropy": -1.000088900581841e-12
    },
    "KJ782549": {
      "country": "Greece",
      "country_confidence": {
        "Greece": 1.0
      },
      "country_entropy": -1.000088900581841e-12,
      "host": "Human",
      "host_confidence": {
        "Human": 1.0
      },
      "host_entropy": -1.000088900581841e-12
    },
    "KJ813439": {
      "country": "USA",
      "country_confidence": {
        "USA": 1.0
      },
      "country_entropy": -1.000088900581841e-12,
      "host": "Human",
      "host_confidence": {
        "Human": 1.0
      },
      "host_entropy": -1.000088900581841e-12
    },
    "KJ829365": {
      "country": "USA",
      "country_confidence": {
        "USA": 1.0
      },
      "country_entropy": -1.000088900581841e-12,
      "host": "Human",
      "host_confidence": {
        "Human": 1.0
      },
      "host_entropy": -1.000088900581841e-12
    },
    "KM015348": {
      "country": "United Kingdom",
      "country_confidence": {
        "United Kingdom": 0.9999999999999999
      },
      "country_entropy": -9.99866855976916e-13,
      "host": "Human",
      "host_confidence": {
        "Human": 1.0
      },
      "host_entropy": -1.000088900581841e-12
    },
    "KM027255": {
      "country": "Saudi Arabia",
      "country_confidence": {
        "Saudi Arabia": 0.9999999999999999
      },
      "country_entropy": -9.99866855976916e-13,
      "host": "Human",
      "host_confidence": {
        "Human": 1.0
      },
      "host_entropy": -1.000088900581841e-12
    },
    "KM027260": {
      "country": "Saudi Arabia",
      "country_confidence": {
        "Saudi Arabia": 0.9999999999999999
      },
      "country_entropy": -9.99866855976916e-13,
      "host": "Human",
      "host_confidence": {
        "Human": 1.0
      },
      "host_entropy": -1.000088900581841e-12
    },
    "KM027264": {
      "country": "Saudi Arabia",
      "country_confidence": {
        "Saudi Arabia": 0.9999999999999999
      },
      "country_entropy": -9.99866855976916e-13,
      "host": "Human",
      "host_confidence": {
        "Human": 1.0
      },
      "host_entropy": -1.000088900581841e-12
    },
    "KM027266": {
      "country": "Saudi Arabia",
      "country_confidence": {
        "Saudi Arabia": 0.9999999999999999
      },
      "country_entropy": -9.99866855976916e-13,
      "host": "Human",
      "host_confidence": {
        "Human": 1.0
      },
      "host_entropy": -1.000088900581841e-12
    },
    "KM027268": {
      "country": "Saudi Arabia",
      "country_confidence": {
        "Saudi Arabia": 0.9999999999999999
      },
      "country_entropy": -9.99866855976916e-13,
      "host": "Human",
      "host_confidence": {
        "Human": 1.0
      },
      "host_entropy": -1.000088900581841e-12
    },
    "KM027277": {
      "country": "Saudi Arabia",
      "country_confidence": {
        "Saudi Arabia": 1.0
      },
      "country_entropy": -1.000088900581841e-12,
      "host": "Human",
      "host_confidence": {
        "Human": 1.0
      },
      "host_entropy": -1.000088900581841e-12
    },
    "KM027282": {
      "country": "Saudi Arabia",
      "country_confidence": {
        "Saudi Arabia": 0.9999999999999999
      },
      "country_entropy": -9.99866855976916e-13,
      "host": "Human",
      "host_confidence": {
        "Human": 0.9999999999999999
      },
      "host_entropy": -9.99866855976916e-13
    },
    "KM027283": {
      "country": "Saudi Arabia",
      "country_confidence": {
        "Saudi Arabia": 0.9999999999999999
      },
      "country_entropy": -9.99866855976916e-13,
      "host": "Human",
      "host_confidence": {
        "Human": 0.9999999999999999
      },
      "host_entropy": -9.99866855976916e-13
    },
    "KM210277": {
      "country": "United Kingdom",
      "country_confidence": {
        "United Kingdom": 1.0
      },
      "country_entropy": -1.000088900581841e-12,
      "host": "Human",
      "host_confidence": {
        "Human": 1.0
      },
      "host_entropy": -1.000088900581841e-12
    },
    "KM210278": {
      "country": "United Kingdom",
      "country_confidence": {
        "United Kingdom": 0.9999999999999999
      },
      "country_entropy": -9.99866855976916e-13,
      "host": "Human",
      "host_confidence": {
        "Human": 1.0
      },
      "host_entropy": -1.000088900581841e-12
    },
    "KP209307": {
      "country": "United Arab Emirates",
      "country_confidence": {
        "United Arab Emirates": 1.0
      },
      "country_entropy": -1.000088900581841e-12,
      "host": "Human",
      "host_confidence": {
        "Human": 1.0
      },
      "host_entropy": -1.000088900581841e-12
    },
    "KP209309": {
      "country": "United Arab Emirates",
      "country_confidence": {
        "United Arab Emirates": 1.0
      },
      "country_entropy": -1.000088900581841e-12,
      "host": "Human",
      "host_confidence": {
        "Human": 1.0
      },
      "host_entropy": -1.000088900581841e-12
    },
    "KP209310": {
      "country": "United Arab Emirates",
      "country_confidence": {
        "United Arab Emirates": 0.9999999999999999
      },
      "country_entropy": -9.99866855976916e-13,
      "host": "Human",
      "host_confidence": {
        "Human": 1.0
      },
      "host_entropy": -1.000088900581841e-12
    },
    "KP209312": {
      "country": "United Arab Emirates",
      "country_confidence": {
        "United Arab Emirates": 1.0
      },
      "country_entropy": -1.000088900581841e-12,
      "host": "Human",
      "host_confidence": {
        "Human": 1.0
      },
      "host_entropy": -1.000088900581841e-12
    },
    "KP209313": {
      "country": "United Arab Emirates",
      "country_confidence": {
        "United Arab Emirates": 1.0
      },
      "country_entropy": -1.000088900581841e-12,
      "host": "Human",
      "host_confidence": {
        "Human": 1.0
      },
      "host_entropy": -1.000088900581841e-12
    },
    "KP223131": {
      "country": "USA",
      "country_confidence": {
        "USA": 1.0
      },
      "country_entropy": -1.000088900581841e-12,
      "host": "Human",
      "host_confidence": {
        "Human": 1.0
      },
      "host_entropy": -1.000088900581841e-12
    },
    "KP236092": {
      "country": "United Arab Emirates",
      "country_confidence": {
        "United Arab Emirates": 1.0
      },
      "country_entropy": -1.000088900581841e-12,
      "host": "Human",
      "host_confidence": {
        "Human": 1.0
      },
      "host_entropy": -1.000088900581841e-12
    },
    "KP405225": {
      "country": "Saudi Arabia",
      "country_confidence": {
        "Saudi Arabia": 1.0
      },
      "country_entropy": -1.000088900581841e-12,
      "host": "Camel",
      "host_confidence": {
        "Camel": 1.0
      },
      "host_entropy": -1.000088900581841e-12
    },
    "KP405226": {
      "country": "Saudi Arabia",
      "country_confidence": {
        "Saudi Arabia": 1.0
      },
      "country_entropy": -1.000088900581841e-12,
      "host": "Camel",
      "host_confidence": {
        "Camel": 1.0
      },
      "host_entropy": -1.000088900581841e-12
    },
    "KP405227": {
      "country": "Saudi Arabia",
      "country_confidence": {
        "Saudi Arabia": 1.0
      },
      "country_entropy": -1.000088900581841e-12,
      "host": "Camel",
      "host_confidence": {
        "Camel": 1.0
      },
      "host_entropy": -1.000088900581841e-12
    },
    "KP719927": {
      "country": "United Arab Emirates",
      "country_confidence": {
        "United Arab Emirates": 1.0
      },
      "country_entropy": -1.000088900581841e-12,
      "host": "Camel",
      "host_confidence": {
        "Camel": 1.0
      },
      "host_entropy": -1.000088900581841e-12
    },
    "KP719928": {
      "country": "United Arab Emirates",
      "country_confidence": {
        "United Arab Emirates": 1.0
      },
      "country_entropy": -1.000088900581841e-12,
      "host": "Camel",
      "host_confidence": {
        "Camel": 1.0
      },
      "host_entropy": -1.000088900581841e-12
    },
    "KP719929": {
      "country": "United Arab Emirates",
      "country_confidence": {
        "United Arab Emirates": 1.0
      },
      "country_entropy": -1.000088900581841e-12,
      "host": "Camel",
      "host_confidence": {
        "Camel": 1.0
      },
      "host_entropy": -1.000088900581841e-12
    },
    "KP719930": {
      "country": "United Arab Emirates",
      "country_confidence": {
        "United Arab Emirates": 1.0
      },
      "country_entropy": -1.000088900581841e-12,
      "host": "Camel",
      "host_confidence": {
        "Camel": 1.0
      },
      "host_entropy": -1.000088900581841e-12
    },
    "KP719931": {
      "country": "United Arab Emirates",
      "country_confidence": {
        "United Arab Emirates": 1.0
      },
      "country_entropy": -1.000088900581841e-12,
      "host": "Camel",
      "host_confidence": {
        "Camel": 1.0
      },
      "host_entropy": -1.000088900581841e-12
    },
    "KP719932": {
      "country": "United Arab Emirates",
      "country_confidence": {
        "United Arab Emirates": 1.0
      },
      "country_entropy": -1.000088900581841e-12,
      "host": "Camel",
      "host_confidence": {
        "Camel": 1.0
      },
      "host_entropy": -1.000088900581841e-12
    },
    "KP719933": {
      "country": "United Arab Emirates",
      "country_confidence": {
        "United Arab Emirates": 1.0
      },
      "country_entropy": -1.000088900581841e-12,
      "host": "Camel",
      "host_confidence": {
        "Camel": 1.0
      },
      "host_entropy": -1.000088900581841e-12
    },
    "KP966104": {
      "country": "Saudi Arabia",
      "country_confidence": {
        "Saudi Arabia": 1.0
      },
      "country_entropy": -1.000088900581841e-12,
      "host": "Camel",
      "host_confidence": {
        "Camel": 0.9999999999999999
      },
      "host_entropy": -9.99866855976916e-13
    },
    "KT003530": {
      "country": "China",
      "country_confidence": {
        "China": 1.0
      },
      "country_entropy": -1.000088900581841e-12,
      "host": "Human",
      "host_confidence": {
        "Human": 0.9999999999999999
      },
      "host_entropy": -9.99866855976916e-13
    },
    "KT006149": {
      "country": "China",
      "country_confidence": {
        "China": 1.0
      },
      "country_entropy": -1.000088900581841e-12,
      "host": "Human",
      "host_confidence": {
        "Human": 1.0
      },
      "host_entropy": -1.000088900581841e-12
    },
    "KT036372": {
      "country": "China",
      "country_confidence": {
        "China": 0.9999999999999999
      },
      "country_entropy": -9.99866855976916e-13,
      "host": "Human",
      "host_confidence": {
        "Human": 0.9999999999999999
      },
      "host_entropy": -9.99866855976916e-13
    },
    "KT036373": {
      "country": "China",
      "country_confidence": {
        "China": 0.9999999999999999
      },
      "country_entropy": -9.99866855976916e-13,
      "host": "Human",
      "host_confidence": {
        "Human": 0.9999999999999999
      },
      "host_entropy": -9.99866855976916e-13
    },
    "KT036374": {
      "country": "China",
      "country_confidence": {
        "China": 0.9999999999999999
      },
      "country_entropy": -9.99866855976916e-13,
      "host": "Human",
      "host_confidence": {
        "Human": 0.9999999999999999
      },
      "host_entropy": -9.99866855976916e-13
    },
    "KT121576": {
      "country": "Saudi Arabia",
      "country_confidence": {
        "Saudi Arabia": 0.9999999999999999
      },
      "country_entropy": -9.99866855976916e-13,
      "host": "Human",
      "host_confidence": {
        "Human": 0.9999999999999999
      },
      "host_entropy": -9.99866855976916e-13
    },
    "KT156560": {
      "country": "Oman",
      "country_confidence": {
        "Oman": 1.0
      },
      "country_entropy": -1.000088900581841e-12,
      "host": "Human",
      "host_confidence": {
        "Human": 0.9999999999999999
      },
      "host_entropy": -9.99866855976916e-13
    },
    "KT156561": {
      "country": "Oman",
      "country_confidence": {
        "Oman": 1.0
      },
      "country_entropy": -1.000088900581841e-12,
      "host": "Human",
      "host_confidence": {
        "Human": 1.0
      },
      "host_entropy": -1.000088900581841e-12
    },
    "KT182953": {
      "country": "South Korea",
      "country_confidence": {
        "South Korea": 1.0
      },
      "country_entropy": -1.000088900581841e-12,
      "host": "Human",
      "host_confidence": {
        "Human": 0.9999999999999999
      },
      "host_entropy": -9.99866855976916e-13
    },
    "KT182955": {
      "country": "South Korea",
      "country_confidence": {
        "South Korea": 1.0
      },
      "country_entropy": -1.000088900581841e-12,
      "host": "Human",
      "host_confidence": {
        "Human": 0.9999999999999999
      },
      "host_entropy": -9.99866855976916e-13
    },
    "KT225476": {
      "country": "Thailand",
      "country_confidence": {
        "Thailand": 0.9999999999999999
      },
      "country_entropy": -9.99866855976916e-13,
      "host": "Human",
      "host_confidence": {
        "Human": 1.0
      },
      "host_entropy": -1.000088900581841e-12
    },
    "KT275306": {
      "country": "United Arab Emirates",
      "country_confidence": {
        "United Arab Emirates": 1.0
      },
      "country_entropy": -1.000088900581841e-12,
      "host": "Camel",
      "host_confidence": {
        "Camel": 1.0
