Map from character to field name
A:	Burkina Faso
B:	Egypt
C:	Ethiopia
D:	Kenya
E:	Morocco
F:	Nigeria
G:	?


Substitution rate (mu): 60.75923

Equilibrium frequencies (pi_i):
  A: 0.1515
  B: 0.1583
  C: 0.1874
  D: 0.1984
  E: 0.15
  F: 0.1544

Symmetrized rates from j->i (W_ij):
	A	B	C	D	E	F
  A	0	1.2739	0.8439	0.8352	1.289	1.3103
  B	1.2739	0	2.007	0.8361	0.8576	0.8636
  C	0.8439	2.007	0	3.1111	0.834	0.8326
  D	0.8352	0.8361	3.1111	0	0.8356	0.8341
  E	1.289	0.8576	0.834	0.8356	0	0.844
  F	1.3103	0.8636	0.8326	0.8341	0.844	0

Actual rates from j->i (Q_ij):
	A	B	C	D	E	F
  A	0	0.1931	0.1279	0.1266	0.1953	0.1986
  B	0.2017	0	0.3177	0.1324	0.1358	0.1367
  C	0.1582	0.3761	0	0.5831	0.1563	0.156
  D	0.1657	0.1659	0.6171	0	0.1657	0.1654
  E	0.1933	0.1286	0.1251	0.1253	0	0.1266
  F	0.2023	0.1333	0.1285	0.1288	0.1303	0
