{
  "generated_by": {
    "program": "augur",
    "version": "24.4.0"
  },
  "models": {
    "country": {
      "alphabet": [
        "",
        "Burkina Faso",
        "China",
        "Egypt",
        "Ethiopia",
        "France",
        "Greece",
        "Jordan",
        "Kenya",
        "Morocco",
        "Nigeria",
        "Oman",
        "Qatar",
        "Saudi Arabia",
        "South Korea",
        "Thailand",
        "Tunisia",
        "USA",
        "United Arab Emirates",
        "United Kingdom",
        "?"
      ],
      "equilibrium_probabilities": [
        0.054595375967840955,
        0.06098832791456479,
        0.053140459333371935,
        0.059374089574850845,
        0.05942723687055049,
        0.051240969548740085,
        0.05105781183973475,
        0.03766655918920777,
        0.0658313774974195,
        0.06108364597225869,
        0.06153550313448205,
        0.052565257910079224,
        0.042917793475390445,
        0.038086196039628026,
        0.036041590118841026,
        0.05706531419474049,
        0.051104601138712465,
        0.04813791639869904,
        0.015180277920586314,
        0.042959695960301074
      ],
      "rate": 31.207463596938567,
      "transition_matrix": [
        [
          0.0,
          0.9354592681133084,
          0.9355747313514482,
          0.9407379251986974,
          0.9397876223381987,
          0.9354927980063129,
          0.935700705534425,
          1.4084356507282048,
          2.807116096124505,
          0.9356109458241432,
          0.9351516783320871,
          0.9356810910677914,
          0.9356650882960671,
          1.7516348431189117,
          1.1829785685133114,
          0.9356424466690155,
          0.9356979147164111,
          1.4035020237580944,
          1.3218882217668817,
          0.9356189094482836
        ],
        [
          0.9354592681133084,
          0.0,
          0.9356791455499438,
          1.4049527907761332,
          0.9371392519549796,
          0.9356132445772881,
          0.935842737899983,
          0.9340594706669146,
          0.934949287139092,
          1.406666985292033,
          1.4104124045468562,
          0.9357902253681413,
          0.9357195587516889,
          0.9068813602104673,
          0.9338921581209688,
          0.9358217019888706,
          0.9358419179774409,
          0.9357688217081525,
          0.9270302054874999,
          0.9356759251295014
        ],
        [
          0.9355747313514482,
          0.9356791455499438,
          0.0,
          0.9356196941253069,
          0.9344917770115033,
          0.9356820643827864,
          0.9358824568001226,
          0.9343239191416645,
          0.9351004773269296,
          0.9358555909458504,
          0.9354101217966845,
          0.9358365121271321,
          0.9357740318497582,
          1.3665904935455753,
          1.4023898774835961,
          0.9358635025451091,
          0.9358812920108187,
          0.9358181777132865,
          0.9270124630126882,
          0.935737141761918
        ],
        [
          0.9407379251986974,
          1.4049527907761332,
          0.9356196941253069,
          0.0,
          1.8641407498287033,
          0.9355579109289635,
          0.9357818003080681,
          0.9343218042693672,
          0.9352301196489393,
          0.9433730135189629,
          0.944665080516664,
          0.9361625136680385,
          0.9358072934756344,
          0.9422980578755868,
          0.9340527634041998,
          0.935838955821857,
          0.9357807536223043,
          0.9357373817779404,
          1.2094652281501483,
          0.9356807319942219
        ],
        [
          0.9397876223381987,
          0.9371392519549796,
          0.9344917770115033,
          1.8641407498287033,
          0.0,
          0.9344703513193903,
          0.9346977686581956,
          0.9334982469472507,
          2.9528601520977684,
          0.9344501297159351,
          0.9339500100898146,
          0.9350092767828405,
          0.9348841760746288,
          0.9374850220333065,
          0.9332749005542582,
          0.9346204161827861,
          0.9346957529408997,
          0.9347130944981208,
          1.1700359295410645,
          0.9347640238239239
        ],
        [
          0.9354927980063129,
          0.9356132445772881,
          0.9356820643827864,
          0.9355579109289635,
          0.9344703513193903,
          0.0,
          0.9358219226616098,
          0.9343374335035769,
          0.9350491214149865,
          0.9357832466694566,
          0.9353531777879871,
          0.9357764811322321,
          0.9357281909541991,
          1.3645016361571316,
          0.934217426886007,
          0.9357961864452172,
          0.9371796324009575,
          0.9357636701073047,
          0.9303576649714003,
          0.9356923159098047
        ],
        [
          0.935700705534425,
          0.935842737899983,
          0.9358824568001226,
          0.9357818003080681,
          0.9346977686581956,
          0.9358219226616098,
          0.0,
          0.9344857178715104,
          0.9352984080213874,
          0.9360125516008596,
          0.9355854993769736,
          0.935973516470723,
          0.9358907410443101,
          1.3685662746715535,
          0.934360839978609,
          0.9360102884670074,
          0.9360130621985996,
          0.9373268722969084,
          0.927428397067768,
          0.935855387925385
        ],
        [
          1.4084356507282048,
          0.9340594706669146,
          0.9343239191416645,
          0.9343218042693672,
          0.9334982469472507,
          0.9343374335035769,
          0.9344857178715104,
          0.0,
          0.9335290762569265,
          0.9341789987330716,
          0.9338515622697139,
          0.9344446185390123,
          0.934656291887819,
          3.2197900213528854,
          0.9338247057069741,
          0.9342998842952719,
          0.9344820963168936,
          0.9345284421102151,
          1.8665287717981525,
          0.9346280621480986
        ],
        [
          2.807116096124505,
          0.934949287139092,
          0.9351004773269296,
          0.9352301196489393,
          2.9528601520977684,
          0.9350491214149865,
          0.9352984080213874,
          0.9335290762569265,
          0.0,
          0.9351597711005049,
          0.9346039817617636,
          0.9352222920226458,
          0.9352483858752927,
          0.9042681689016772,
          0.9334403647710343,
          0.9352125975752292,
          0.93529706169177,
          0.9352487186882394,
          0.9253068843894874,
          0.935201796590209
        ],
        [
          0.9356109458241432,
          1.406666985292033,
          0.9358555909458504,
          0.9433730135189629,
          0.9344501297159351,
          0.9357832466694566,
          0.9360125516008596,
          0.9341789987330716,
          0.9351597711005049,
          0.0,
          0.9387987265985902,
          0.9359607885148945,
          0.9358605573690965,
          0.9067500018164862,
          0.9340068641900248,
          0.9360105375491896,
          0.9360118972109364,
          0.9359285301969863,
          0.925710290529321,
          0.9358178949165292
        ],
        [
          0.9351516783320871,
          1.4104124045468562,
          0.9354101217966845,
          0.944665080516664,
          0.9339500100898146,
          0.9353531777879871,
          0.9355854993769736,
          0.9338515622697139,
          0.9346039817617636,
          0.9387987265985902,
          0.0,
          0.9355207190997353,
          0.9355005247588701,
          0.9062416164533893,
          0.9336917651451916,
          0.9355332845479388,
          0.9355844488554036,
          0.9355253253788697,
          0.9255125724242677,
          0.9354572256810942
        ],
        [
          0.9356810910677914,
          0.9357902253681413,
          0.9358365121271321,
          0.9361625136680385,
          0.9350092767828405,
          0.9357764811322321,
          0.935973516470723,
          0.9344446185390123,
          0.9352222920226458,
          0.9359607885148945,
          0.9355207190997353,
          0.0,
          0.9358789171416687,
          1.044904538163799,
          0.9342939145965593,
          0.9359663895238148,
          0.9359733586827977,
          0.9359075604015227,
          3.1394878771983747,
          0.9358327839396648
        ],
        [
          0.9356650882960671,
          0.9357195587516889,
          0.9357740318497582,
          0.9358072934756344,
          0.9348841760746288,
          0.9357281909541991,
          0.9358907410443101,
          0.934656291887819,
          0.9352483858752927,
          0.9358605573690965,
          0.9355005247588701,
          0.9358789171416687,
          0.0,
          2.2018914074167513,
          0.9345771746128064,
          0.9358713892732365,
          0.9358891712521018,
          0.9358432357152465,
          1.4971442561367458,
          0.9576465204171537
        ],
        [
          1.7516348431189117,
          0.9068813602104673,
          1.3665904935455753,
          0.9422980578755868,
          0.9374850220333065,
          1.3645016361571316,
          1.3685662746715535,
          3.2197900213528854,
          0.9042681689016772,
          0.9067500018164862,
          0.9062416164533893,
          1.044904538163799,
          2.2018914074167513,
          0.0,
          3.6326546130911153,
          0.9088239744982491,
          1.3648005077418512,
          1.8307904737965393,
          15.242453849262809,
          2.202476476813822
        ],
        [
          1.1829785685133114,
          0.9338921581209688,
          1.4023898774835961,
          0.9340527634041998,
          0.9332749005542582,
          0.934217426886007,
          0.934360839978609,
          0.9338247057069741,
          0.9334403647710343,
          0.9340068641900248,
          0.9336917651451916,
          0.9342939145965593,
          0.9345771746128064,
          3.6326546130911153,
          0.0,
          0.9341375308019106,
          0.9343563509973802,
          0.9344619625750036,
          1.394622890061606,
          0.9345520000420682
        ],
        [
          0.9356424466690155,
          0.9358217019888706,
          0.9358635025451091,
          0.935838955821857,
          0.9346204161827861,
          0.9357961864452172,
          0.9360102884670074,
          0.9342998842952719,
          0.9352125975752292,
          0.9360105375491896,
          0.9355332845479388,
          0.9359663895238148,
          0.9358713892732365,
          0.9088239744982491,
          0.9341375308019106,
          0.0,
          0.9360098058669751,
          0.9359320049087739,
          1.3893560567113834,
          0.9358311030796491
        ],
        [
          0.9356979147164111,
          0.9358419179774409,
          0.9358812920108187,
          0.9357807536223043,
          0.9346957529408997,
          0.9371796324009575,
          0.9360130621985996,
          0.9344820963168936,
          0.93529706169177,
          0.9360118972109364,
          0.9355844488554036,
          0.9359733586827977,
          0.9358891712521018,
          1.3648005077418512,
          0.9343563509973802,
          0.9360098058669751,
          0.0,
          0.935944046935945,
          0.9304367954988014,
          0.9358535344765483
        ],
        [
          1.4035020237580944,
          0.9357688217081525,
          0.9358181777132865,
          0.9357373817779404,
          0.9347130944981208,
          0.9357636701073047,
          0.9373268722969084,
          0.9345284421102151,
          0.9352487186882394,
          0.9359285301969863,
          0.9355253253788697,
          0.9359075604015227,
          0.9358432357152465,
          1.8307904737965393,
          0.9344619625750036,
          0.9359320049087739,
          0.935944046935945,
          0.0,
          0.9279383082100479,
          0.9358102066640092
        ],
        [
          1.3218882217668817,
          0.9270302054874999,
          0.9270124630126882,
          1.2094652281501483,
          1.1700359295410645,
          0.9303576649714003,
          0.927428397067768,
          1.8665287717981525,
          0.9253068843894874,
          0.925710290529321,
          0.9255125724242677,
          3.1394878771983747,
          1.4971442561367458,
          15.242453849262809,
          1.394622890061606,
          1.3893560567113834,
          0.9304367954988014,
          0.9279383082100479,
          0.0,
          1.022621086986137
        ],
        [
          0.9356189094482836,
          0.9356759251295014,
          0.935737141761918,
          0.9356807319942219,
          0.9347640238239239,
          0.9356923159098047,
          0.935855387925385,
          0.9346280621480986,
          0.935201796590209,
          0.9358178949165292,
          0.9354572256810942,
          0.9358327839396648,
          0.9576465204171537,
          2.202476476813822,
          0.9345520000420682,
          0.9358311030796491,
          0.9358535344765483,
          0.9358102066640092,
          1.022621086986137,
          0.0
        ]
      ]
    },
    "host": {
      "alphabet": [
        "Bat",
        "Camel",
        "Human",
        "Llama",
        "?"
      ],
      "equilibrium_probabilities": [
        0.32887763199199593,
        0.25239051545124125,
        0.195716067781799,
        0.22301578477496384
      ],
      "rate": 31.286330208573137,
      "transition_matrix": [
        [
          0.0,
          0.7258305680309435,
          0.6310819810139766,
          0.18174326140100325
        ],
        [
          0.7258305680309435,
          0.0,
          7.38881515288227,
          0.2114807289973863
        ],
        [
          0.6310819810139766,
          7.38881515288227,
          0.0,
          0.20421191105021455
        ],
        [
          0.18174326140100325,
          0.2114807289973863,
          0.20421191105021455,
          0.0
        ]
      ]
    }
  },
  "nodes": {
    "JX869059": {
      "country": "",
      "country_confidence": {
        "": 1.0
      },
      "country_entropy": -1.000088900581841e-12,
      "host": "Human",
      "host_confidence": {
        "Human": 1.0
      },
      "host_entropy": -1.000088900581841e-12
    },
    "KC164505": {
      "country": "United Kingdom",
      "country_confidence": {
        "United Kingdom": 1.0
      },
      "country_entropy": -1.000088900581841e-12,
      "host": "Human",
      "host_confidence": {
        "Human": 1.0
      },
      "host_entropy": -1.000088900581841e-12
    },
    "KC667074": {
      "country": "United Kingdom",
      "country_confidence": {
        "United Kingdom": 1.0
      },
      "country_entropy": -1.000088900581841e-12,
      "host": "Human",
      "host_confidence": {
        "Human": 1.0
      },
      "host_entropy": -1.000088900581841e-12
    },
    "KC776174": {
      "country": "Jordan",
      "country_confidence": {
        "Jordan": 1.0
      },
      "country_entropy": -1.000088900581841e-12,
      "host": "Human",
      "host_confidence": {
        "Human": 1.0
      },
      "host_entropy": -1.000088900581841e-12
    },
    "KC875821": {
      "country": "Qatar",
      "country_confidence": {
        "Qatar": 1.0
      },
      "country_entropy": -1.000088900581841e-12,
      "host": "Human",
      "host_confidence": {
        "Human": 1.0
      },
      "host_entropy": -1.000088900581841e-12
    },
    "KF186564": {
      "country": "Saudi Arabia",
      "country_confidence": {
        "Saudi Arabia": 1.0
      },
      "country_entropy": -1.000088900581841e-12,
      "host": "Human",
      "host_confidence": {
        "Human": 1.0
      },
      "host_entropy": -1.000088900581841e-12
    },
    "KF186565": {
      "country": "Saudi Arabia",
      "country_confidence": {
        "Saudi Arabia": 1.0
      },
      "country_entropy": -1.000088900581841e-12,
      "host": "Human",
      "host_confidence": {
        "Human": 1.0
      },
      "host_entropy": -1.000088900581841e-12
    },
    "KF186566": {
      "country": "Saudi Arabia",
      "country_confidence": {
        "Saudi Arabia": 1.0
      },
      "country_entropy": -1.000088900581841e-12,
      "host": "Human",
      "host_confidence": {
        "Human": 0.9999999999999999
      },
      "host_entropy": -9.99866855976916e-13
    },
    "KF186567": {
      "country": "Saudi Arabia",
      "country_confidence": {
        "Saudi Arabia": 1.0
      },
      "country_entropy": -1.000088900581841e-12,
      "host": "Human",
      "host_confidence": {
        "Human": 1.0
      },
      "host_entropy": -1.000088900581841e-12
    },
    "KF192507": {
      "country": "United Arab Emirates",
      "country_confidence": {
        "United Arab Emirates": 1.0
      },
      "country_entropy": -1.000088900581841e-12,
      "host": "Human",
      "host_confidence": {
        "Human": 0.9999999999999999
      },
      "host_entropy": -9.99866855976916e-13
    },
    "KF600612": {
      "country": "Saudi Arabia",
      "country_confidence": {
        "Saudi Arabia": 1.0
      },
      "country_entropy": -1.000088900581841e-12,
      "host": "Human",
      "host_confidence": {
        "Human": 1.0
      },
      "host_entropy": -1.000088900581841e-12
    },
    "KF600613": {
      "country": "Saudi Arabia",
      "country_confidence": {
        "Saudi Arabia": 1.0
      },
      "country_entropy": -1.000088900581841e-12,
      "host": "Human",
      "host_confidence": {
        "Human": 1.0
      },
      "host_entropy": -1.000088900581841e-12
    },
    "KF600615": {
      "country": "Saudi Arabia",
      "country_confidence": {
        "Saudi Arabia": 1.0
      },
      "country_entropy": -1.000088900581841e-12,
      "host": "Human",
      "host_confidence": {
        "Human": 0.9999999999999999
      },
      "host_entropy": -9.99866855976916e-13
    },
    "KF600616": {
      "country": "Saudi Arabia",
      "country_confidence": {
        "Saudi Arabia": 1.0
      },
      "country_entropy": -1.000088900581841e-12,
      "host": "Human",
      "host_confidence": {
        "Human": 0.9999999999999999
      },
      "host_entropy": -9.99866855976916e-13
    },
    "KF600620": {
      "country": "Saudi Arabia",
      "country_confidence": {
        "Saudi Arabia": 1.0
      },
      "country_entropy": -1.000088900581841e-12,
      "host": "Human",
      "host_confidence": {
        "Human": 1.0
      },
      "host_entropy": -1.000088900581841e-12
    },
    "KF600622": {
      "country": "Saudi Arabia",
      "country_confidence": {
        "Saudi Arabia": 1.0
      },
      "country_entropy": -1.000088900581841e-12,
      "host": "Human",
      "host_confidence": {
        "Human": 1.0
      },
      "host_entropy": -1.000088900581841e-12
    },
    "KF600623": {
      "country": "Saudi Arabia",
      "country_confidence": {
        "Saudi Arabia": 1.0
      },
      "country_entropy": -1.000088900581841e-12,
      "host": "Human",
      "host_confidence": {
        "Human": 1.0
      },
      "host_entropy": -1.000088900581841e-12
    },
    "KF600626": {
      "country": "Saudi Arabia",
      "country_confidence": {
        "Saudi Arabia": 0.9999999999999999
      },
      "country_entropy": -9.99866855976916e-13,
      "host": "Human",
      "host_confidence": {
        "Human": 1.0
      },
      "host_entropy": -1.000088900581841e-12
    },
    "KF600627": {
      "country": "Saudi Arabia",
      "country_confidence": {
        "Saudi Arabia": 1.0
      },
      "country_entropy": -1.000088900581841e-12,
      "host": "Human",
      "host_confidence": {
        "Human": 1.0
      },
      "host_entropy": -1.000088900581841e-12
    },
    "KF600628": {
      "country": "Saudi Arabia",
      "country_confidence": {
        "Saudi Arabia": 1.0
      },
      "country_entropy": -1.000088900581841e-12,
      "host": "Human",
      "host_confidence": {
        "Human": 1.0
      },
      "host_entropy": -1.000088900581841e-12
    },
    "KF600630": {
      "country": "Saudi Arabia",
      "country_confidence": {
        "Saudi Arabia": 1.0
      },
      "country_entropy": -1.000088900581841e-12,
      "host": "Human",
      "host_confidence": {
        "Human": 1.0
      },
      "host_entropy": -1.000088900581841e-12
    },
    "KF600631": {
      "country": "Saudi Arabia",
      "country_confidence": {
        "Saudi Arabia": 1.0
      },
      "country_entropy": -1.000088900581841e-12,
      "host": "Human",
      "host_confidence": {
        "Human": 0.9999999999999999
      },
      "host_entropy": -9.99866855976916e-13
    },
    "KF600632": {
      "country": "Saudi Arabia",
      "country_confidence": {
        "Saudi Arabia": 0.9999999999999999
      },
      "country_entropy": -9.99866855976916e-13,
      "host": "Human",
      "host_confidence": {
        "Human": 1.0
      },
      "host_entropy": -1.000088900581841e-12
    },
    "KF600634": {
      "country": "Saudi Arabia",
      "country_confidence": {
        "Saudi Arabia": 1.0
      },
      "country_entropy": -1.000088900581841e-12,
      "host": "Human",
      "host_confidence": {
        "Human": 0.9999999999999999
      },
      "host_entropy": -9.99866855976916e-13
    },
    "KF600636": {
      "country": "Saudi Arabia",
      "country_confidence": {
        "Saudi Arabia": 1.0
      },
      "country_entropy": -1.000088900581841e-12,
      "host": "Human",
      "host_confidence": {
        "Human": 1.0
      },
      "host_entropy": -1.000088900581841e-12
    },
    "KF600638": {
      "country": "Saudi Arabia",
      "country_confidence": {
        "Saudi Arabia": 0.9999999999999999
      },
      "country_entropy": -9.99866855976916e-13,
      "host": "Human",
      "host_confidence": {
        "Human": 1.0
      },
      "host_entropy": -1.000088900581841e-12
    },
    "KF600642": {
      "country": "Saudi Arabia",
      "country_confidence": {
        "Saudi Arabia": 0.9999999999999999
      },
      "country_entropy": -9.99866855976916e-13,
      "host": "Human",
      "host_confidence": {
        "Human": 1.0
      },
      "host_entropy": -1.000088900581841e-12
    },
    "KF600643": {
      "country": "Saudi Arabia",
      "country_confidence": {
        "Saudi Arabia": 0.9999999999999999
      },
      "country_entropy": -9.99866855976916e-13,
      "host": "Human",
      "host_confidence": {
        "Human": 1.0
      },
      "host_entropy": -1.000088900581841e-12
    },
    "KF600644": {
      "country": "Saudi Arabia",
      "country_confidence": {
        "Saudi Arabia": 0.9999999999999999
      },
      "country_entropy": -9.99866855976916e-13,
      "host": "Human",
      "host_confidence": {
        "Human": 1.0
      },
      "host_entropy": -1.000088900581841e-12
    },
    "KF600645": {
      "country": "Saudi Arabia",
      "country_confidence": {
        "Saudi Arabia": 1.0
      },
      "country_entropy": -1.000088900581841e-12,
      "host": "Human",
      "host_confidence": {
        "Human": 1.0
      },
      "host_entropy": -1.000088900581841e-12
    },
    "KF600646": {
      "country": "Saudi Arabia",
      "country_confidence": {
        "Saudi Arabia": 1.0
      },
      "country_entropy": -1.000088900581841e-12,
      "host": "Human",
      "host_confidence": {
        "Human": 0.9999999999999999
      },
      "host_entropy": -9.99866855976916e-13
    },
    "KF600647": {
      "country": "Saudi Arabia",
      "country_confidence": {
        "Saudi Arabia": 0.9999999999999999
      },
      "country_entropy": -9.99866855976916e-13,
      "host": "Human",
      "host_confidence": {
        "Human": 1.0
      },
      "host_entropy": -1.000088900581841e-12
    },
    "KF600648": {
      "country": "Saudi Arabia",
      "country_confidence": {
        "Saudi Arabia": 1.0
      },
      "country_entropy": -1.000088900581841e-12,
      "host": "Human",
      "host_confidence": {
        "Human": 0.9999999999999999
      },
      "host_entropy": -9.99866855976916e-13
    },
    "KF600651": {
      "country": "Saudi Arabia",
      "country_confidence": {
        "Saudi Arabia": 1.0
      },
      "country_entropy": -1.000088900581841e-12,
      "host": "Human",
      "host_confidence": {
        "Human": 1.0
      },
      "host_entropy": -1.000088900581841e-12
    },
    "KF600652": {
      "country": "Saudi Arabia",
      "country_confidence": {
        "Saudi Arabia": 1.0
      },
      "country_entropy": -1.000088900581841e-12,
      "host": "Human",
      "host_confidence": {
        "Human": 1.0
      },
      "host_entropy": -1.000088900581841e-12
    },
    "KF600655": {
      "country": "Saudi Arabia",
      "country_confidence": {
        "Saudi Arabia": 1.0
      },
      "country_entropy": -1.000088900581841e-12,
      "host": "Human",
      "host_confidence": {
        "Human": 1.0
      },
      "host_entropy": -1.000088900581841e-12
    },
    "KF745068": {
      "country": "France",
      "country_confidence": {
        "France": 1.0
      },
      "country_entropy": -1.000088900581841e-12,
      "host": "Human",
      "host_confidence": {
        "Human": 1.0
      },
      "host_entropy": -1.000088900581841e-12
    },
    "KF811036": {
      "country": "Tunisia",
      "country_confidence": {
        "Tunisia": 1.0
      },
      "country_entropy": -1.000088900581841e-12,
      "host": "Human",
      "host_confidence": {
        "Human": 1.0
      },
      "host_entropy": -1.000088900581841e-12
    },
    "KF917527": {
      "country": "Saudi Arabia",
      "country_confidence": {
        "Saudi Arabia": 1.0
      },
      "country_entropy": -1.000088900581841e-12,
      "host": "Camel",
      "host_confidence": {
        "Camel": 1.0
      },
      "host_entropy": -1.000088900581841e-12
    },
    "KF958702": {
      "country": "Saudi Arabia",
      "country_confidence": {
        "Saudi Arabia": 1.0
      },
      "country_entropy": -1.000088900581841e-12,
      "host": "Human",
      "host_confidence": {
        "Human": 0.9999999999999999
      },
      "host_entropy": -9.99866855976916e-13
    },
    "KF961221": {
      "country": "Qatar",
      "country_confidence": {
        "Qatar": 1.0
      },
      "country_entropy": -1.000088900581841e-12,
      "host": "Human",
      "host_confidence": {
        "Human": 1.0
      },
      "host_entropy": -1.000088900581841e-12
    },
    "KF961222": {
      "country": "Qatar",
      "country_confidence": {
        "Qatar": 1.0
      },
      "country_entropy": -1.000088900581841e-12,
      "host": "Human",
      "host_confidence": {
        "Human": 1.0
      },
      "host_entropy": -1.000088900581841e-12
    },
    "KJ156860": {
      "country": "Saudi Arabia",
      "country_confidence": {
        "Saudi Arabia": 0.9999999999999999
      },
      "country_entropy": -9.99866855976916e-13,
      "host": "Human",
      "host_confidence": {
        "Human": 0.9999999999999999
      },
      "host_entropy": -9.99866855976916e-13
    },
    "KJ156865": {
      "country": "Saudi Arabia",
      "country_confidence": {
        "Saudi Arabia": 1.0
      },
      "country_entropy": -1.000088900581841e-12,
      "host": "Human",
      "host_confidence": {
        "Human": 0.9999999999999999
      },
      "host_entropy": -9.99866855976916e-13
    },
    "KJ156866": {
      "country": "Saudi Arabia",
      "country_confidence": {
        "Saudi Arabia": 0.9999999999999999
      },
      "country_entropy": -9.99866855976916e-13,
      "host": "Human",
      "host_confidence": {
        "Human": 1.0
      },
      "host_entropy": -1.000088900581841e-12
    },
    "KJ156869": {
      "country": "Saudi Arabia",
      "country_confidence": {
        "Saudi Arabia": 0.9999999999999999
      },
      "country_entropy": -9.99866855976916e-13,
      "host": "Human",
      "host_confidence": {
        "Human": 1.0
      },
      "host_entropy": -1.000088900581841e-12
    },
    "KJ156872": {
      "country": "Saudi Arabia",
      "country_confidence": {
        "Saudi Arabia": 0.9999999999999999
      },
      "country_entropy": -9.99866855976916e-13,
      "host": "Human",
      "host_confidence": {
        "Human": 1.0
      },
      "host_entropy": -1.000088900581841e-12
    },
    "KJ156873": {
      "country": "Saudi Arabia",
      "country_confidence": {
        "Saudi Arabia": 1.0
      },
      "country_entropy": -1.000088900581841e-12,
      "host": "Human",
      "host_confidence": {
        "Human": 1.0
      },
      "host_entropy": -1.000088900581841e-12
    },
    "KJ156874": {
      "country": "Saudi Arabia",
      "country_confidence": {
        "Saudi Arabia": 1.0
      },
      "country_entropy": -1.000088900581841e-12,
      "host": "Human",
      "host_confidence": {
        "Human": 1.0
      },
      "host_entropy": -1.000088900581841e-12
    },
    "KJ156876": {
      "country": "Saudi Arabia",
      "country_confidence": {
        "Saudi Arabia": 1.0
      },
      "country_entropy": -1.000088900581841e-12,
      "host": "Human",
      "host_confidence": {
        "Human": 1.0
      },
      "host_entropy": -1.000088900581841e-12
    },
    "KJ156881": {
      "country": "Saudi Arabia",
      "country_confidence": {
        "Saudi Arabia": 1.0
      },
      "country_entropy": -1.000088900581841e-12,
      "host": "Human",
      "host_confidence": {
        "Human": 0.9999999999999999
      },
      "host_entropy": -9.99866855976916e-13
    },
    "KJ156886": {
      "country": "Saudi Arabia",
      "country_confidence": {
        "Saudi Arabia": 1.0
      },
      "country_entropy": -1.000088900581841e-12,
      "host": "Human",
      "host_confidence": {
        "Human": 0.9999999999999999
      },
      "host_entropy": -9.99866855976916e-13
    },
    "KJ156888": {
      "country": "Saudi Arabia",
      "country_confidence": {
        "Saudi Arabia": 0.9999999999999999
      },
      "country_entropy": -9.99866855976916e-13,
      "host": "Human",
      "host_confidence": {
        "Human": 1.0
      },
      "host_entropy": -1.000088900581841e-12
    },
    "KJ156891": {
      "country": "Saudi Arabia",
      "country_confidence": {
        "Saudi Arabia": 1.0
      },
      "country_entropy": -1.000088900581841e-12,
      "host": "Human",
      "host_confidence": {
        "Human": 1.0
      },
      "host_entropy": -1.000088900581841e-12
    },
    "KJ156894": {
      "country": "Saudi Arabia",
      "country_confidence": {
        "Saudi Arabia": 0.9999999999999999
      },
      "country_entropy": -9.99866855976916e-13,
      "host": "Human",
      "host_confidence": {
        "Human": 0.9999999999999999
      },
      "host_entropy": -9.99866855976916e-13
    },
    "KJ156895": {
      "country": "Saudi Arabia",
      "country_confidence": {
        "Saudi Arabia": 0.9999999999999999
      },
      "country_entropy": -9.99866855976916e-13,
      "host": "Human",
      "host_confidence": {
        "Human": 1.0
      },
      "host_entropy": -1.000088900581841e-12
    },
    "KJ156896": {
      "country": "Saudi Arabia",
      "country_confidence": {
        "Saudi Arabia": 1.0
      },
      "country_entropy": -1.000088900581841e-12,
      "host": "Human",
      "host_confidence": {
        "Human": 1.0
      },
      "host_entropy": -1.000088900581841e-12
    },
    "KJ156901": {
      "country": "Saudi Arabia",
      "country_confidence": {
        "Saudi Arabia": 0.9999999999999999
      },
      "country_entropy": -9.99866855976916e-13,
      "host": "Human",
      "host_confidence": {
        "Human": 1.0
      },
      "host_entropy": -1.000088900581841e-12
    },
    "KJ156903": {
      "country": "Saudi Arabia",
      "country_confidence": {
        "Saudi Arabia": 1.0
      },
      "country_entropy": -1.000088900581841e-12,
      "host": "Human",
      "host_confidence": {
        "Human": 0.9999999999999999
      },
      "host_entropy": -9.99866855976916e-13
    },
    "KJ156905": {
      "country": "Saudi Arabia",
      "country_confidence": {
        "Saudi Arabia": 1.0
      },
      "country_entropy": -1.000088900581841e-12,
      "host": "Human",
      "host_confidence": {
        "Human": 0.9999999999999999
      },
      "host_entropy": -9.99866855976916e-13
    },
    "KJ156907": {
      "country": "Saudi Arabia",
      "country_confidence": {
        "Saudi Arabia": 1.0
      },
      "country_entropy": -1.000088900581841e-12,
      "host": "Human",
      "host_confidence": {
        "Human": 1.0
      },
      "host_entropy": -1.000088900581841e-12
    },
    "KJ156908": {
      "country": "Saudi Arabia",
      "country_confidence": {
        "Saudi Arabia": 1.0
      },
      "country_entropy": -1.000088900581841e-12,
      "host": "Human",
      "host_confidence": {
        "Human": 1.0
      },
      "host_entropy": -1.000088900581841e-12
    },
    "KJ156910": {
      "country": "Saudi Arabia",
      "country_confidence": {
        "Saudi Arabia": 1.0
      },
      "country_entropy": -1.000088900581841e-12,
      "host": "Human",
      "host_confidence": {
        "Human": 1.0
      },
      "host_entropy": -1.000088900581841e-12
    },
    "KJ156911": {
      "country": "Saudi Arabia",
      "country_confidence": {
        "Saudi Arabia": 0.9999999999999999
      },
      "country_entropy": -9.99866855976916e-13,
      "host": "Human",
      "host_confidence": {
        "Human": 1.0
      },
      "host_entropy": -1.000088900581841e-12
    },
    "KJ156914": {
      "country": "Saudi Arabia",
      "country_confidence": {
        "Saudi Arabia": 0.9999999999999999
      },
      "country_entropy": -9.99866855976916e-13,
      "host": "Human",
      "host_confidence": {
        "Human": 1.0
      },
      "host_entropy": -1.000088900581841e-12
    },
    "KJ156916": {
      "country": "Saudi Arabia",
      "country_confidence": {
        "Saudi Arabia": 1.0
      },
      "country_entropy": -1.000088900581841e-12,
      "host": "Human",
      "host_confidence": {
        "Human": 1.0
      },
      "host_entropy": -1.000088900581841e-12
    },
    "KJ156918": {
      "country": "Saudi Arabia",
      "country_confidence": {
        "Saudi Arabia": 1.0
      },
      "country_entropy": -1.000088900581841e-12,
      "host": "Human",
      "host_confidence": {
        "Human": 1.0
      },
      "host_entropy": -1.000088900581841e-12
    },
    "KJ156920": {
      "country": "Saudi Arabia",
      "country_confidence": {
        "Saudi Arabia": 1.0
      },
      "country_entropy": -1.000088900581841e-12,
      "host": "Human",
      "host_confidence": {
        "Human": 1.0
      },
      "host_entropy": -1.000088900581841e-12
    },
    "KJ156922": {
      "country": "Saudi Arabia",
      "country_confidence": {
        "Saudi Arabia": 0.9999999999999999
      },
      "country_entropy": -9.99866855976916e-13,
      "host": "Human",
      "host_confidence": {
        "Human": 0.9999999999999999
      },
      "host_entropy": -9.99866855976916e-13
    },
    "KJ156926": {
      "country": "Saudi Arabia",
      "country_confidence": {
        "Saudi Arabia": 1.0
      },
      "country_entropy": -1.000088900581841e-12,
      "host": "Human",
      "host_confidence": {
        "Human": 0.9999999999999999
      },
      "host_entropy": -9.99866855976916e-13
    },
    "KJ156927": {
      "country": "Saudi Arabia",
      "country_confidence": {
        "Saudi Arabia": 0.9999999999999999
      },
      "country_entropy": -9.99866855976916e-13,
      "host": "Human",
      "host_confidence": {
        "Human": 0.9999999999999999
      },
      "host_entropy": -9.99866855976916e-13
    },
    "KJ156929": {
      "country": "Saudi Arabia",
      "country_confidence": {
        "Saudi Arabia": 1.0
      },
      "country_entropy": -1.000088900581841e-12,
      "host": "Human",
      "host_confidence": {
        "Human": 0.9999999999999999
      },
      "host_entropy": -9.99866855976916e-13
    },
    "KJ156930": {
      "country": "Saudi Arabia",
      "country_confidence": {
        "Saudi Arabia": 1.0
      },
      "country_entropy": -1.000088900581841e-12,
      "host": "Human",
      "host_confidence": {
        "Human": 1.0
      },
      "host_entropy": -1.000088900581841e-12
    },
    "KJ156931": {
      "country": "Saudi Arabia",
      "country_confidence": {
        "Saudi Arabia": 1.0
      },
      "country_entropy": -1.000088900581841e-12,
      "host": "Human",
      "host_confidence": {
        "Human": 1.0
      },
      "host_entropy": -1.000088900581841e-12
    },
    "KJ156934": {
      "country": "Saudi Arabia",
      "country_confidence": {
        "Saudi Arabia": 1.0
      },
      "country_entropy": -1.000088900581841e-12,
      "host": "Human",
      "host_confidence": {
        "Human": 1.0
      },
      "host_entropy": -1.000088900581841e-12
    },
    "KJ156935": {
      "country": "Saudi Arabia",
      "country_confidence": {
        "Saudi Arabia": 1.0
      },
      "country_entropy": -1.000088900581841e-12,
      "host": "Human",
      "host_confidence": {
        "Human": 1.0
      },
      "host_entropy": -1.000088900581841e-12
    },
    "KJ156936": {
      "country": "Saudi Arabia",
      "country_confidence": {
        "Saudi Arabia": 1.0
      },
      "country_entropy": -1.000088900581841e-12,
      "host": "Human",
      "host_confidence": {
        "Human": 1.0
      },
      "host_entropy": -1.000088900581841e-12
    },
    "KJ156937": {
      "country": "Saudi Arabia",
      "country_confidence": {
        "Saudi Arabia": 1.0
      },
      "country_entropy": -1.000088900581841e-12,
      "host": "Human",
      "host_confidence": {
        "Human": 1.0
      },
      "host_entropy": -1.000088900581841e-12
    },
    "KJ156939": {
      "country": "Saudi Arabia",
      "country_confidence": {
        "Saudi Arabia": 0.9999999999999999
      },
      "country_entropy": -9.99866855976916e-13,
      "host": "Human",
      "host_confidence": {
        "Human": 1.0
      },
      "host_entropy": -1.000088900581841e-12
    },
    "KJ156940": {
      "country": "Saudi Arabia",
      "country_confidence": {
        "Saudi Arabia": 1.0
      },
      "country_entropy": -1.000088900581841e-12,
      "host": "Human",
      "host_confidence": {
        "Human": 1.0
      },
      "host_entropy": -1.000088900581841e-12
    },
    "KJ156941": {
      "country": "Saudi Arabia",
      "country_confidence": {
        "Saudi Arabia": 0.9999999999999999
      },
      "country_entropy": -9.99866855976916e-13,
      "host": "Human",
      "host_confidence": {
        "Human": 1.0
      },
      "host_entropy": -1.000088900581841e-12
    },
    "KJ156942": {
      "country": "Saudi Arabia",
      "country_confidence": {
        "Saudi Arabia": 1.0
      },
      "country_entropy": -1.000088900581841e-12,
      "host": "Human",
      "host_confidence": {
        "Human": 1.0
      },
      "host_entropy": -1.000088900581841e-12
    },
    "KJ156943": {
      "country": "Saudi Arabia",
      "country_confidence": {
        "Saudi Arabia": 0.9999999999999999
      },
      "country_entropy": -9.99866855976916e-13,
      "host": "Human",
      "host_confidence": {
        "Human": 1.0
      },
      "host_entropy": -1.000088900581841e-12
    },
    "KJ156944": {
      "country": "Saudi Arabia",
      "country_confidence": {
        "Saudi Arabia": 0.9999999999999999
      },
      "country_entropy": -9.99866855976916e-13,
      "host": "Human",
      "host_confidence": {
        "Human": 1.0
      },
      "host_entropy": -1.000088900581841e-12
    },
    "KJ156945": {
      "country": "Saudi Arabia",
      "country_confidence": {
        "Saudi Arabia": 1.0
      },
      "country_entropy": -1.000088900581841e-12,
