{
  "generated_by": {
    "program": "augur",
    "version": "24.4.0"
  },
  "models": {
    "country": {
      "alphabet": [
        "",
        "Burkina Faso",
        "China",
        "Egypt",
        "Ethiopia",
        "France",
        "Greece",
        "Italy",
        "Jordan",
        "Kenya",
        "Morocco",
        "Nigeria",
        "Oman",
        "Qatar",
        "Russia",
        "Saudi Arabia",
        "South Africa",
        "South Korea",
        "Switzerland",
        "Thailand",
        "Tunisia",
        "USA",
        "United Arab Emirates",
        "United Kingdom",
        "?"
      ],
      "equilibrium_probabilities": [
        0.04336676333992749,
        0.04639262764993605,
        0.04958433156730822,
        0.04550450903701172,
        0.044948573875682046,
        0.041972800956685694,
        0.042720991589399696,
        0.046562857855219325,
        0.03467051421091713,
        0.04651512316890194,
        0.04676357574852258,
        0.046973055891465255,
        0.04430985363512365,
        0.03902533425377074,
        0.04649801638621702,
        0.03176395296129662,
        0.04590890630824936,
        0.030254700921994327,
        0.04555329241386897,
        0.04312236853594167,
        0.04189926676389777,
        0.040383105903513496,
        0.01642992674334351,
        0.038875550281805796
      ],
      "rate": 29.898699368831146,
      "transition_matrix": [
        [
          0.0,
          0.9425979700035212,
          0.977985963220956,
          1.038165342679094,
          1.032951484613126,
          0.941759867297404,
          0.9420635742538487,
          0.9594921581159556,
          1.4148163443684547,
          2.810840334389299,
          0.9419267651709177,
          0.9415629953608472,
          0.9443924838385757,
          0.9430029647664224,
          0.9601577661940761,
          2.293390989343787,
          1.009931678962496,
          1.4229085776713355,
          0.9468570344304069,
          0.9420731646747598,
          0.9419137555379221,
          1.4106537884225954,
          1.141500179410878,
          0.9423950620780578
        ],
        [
          0.9425979700035212,
          0.0,
          0.9702175466139139,
          1.4132985034078285,
          0.9432139785931636,
          0.9389865079912328,
          0.9392327948144931,
          0.9545016767090899,
          0.9373473036936463,
          0.9388669849990613,
          1.4117569007899828,
          1.4148314211475166,
          0.9393954017670207,
          0.9389645592010133,
          0.9538910337548918,
          0.9191717091446877,
          0.9561223638491491,
          0.9513329316325144,
          0.9438886489945804,
          0.9392215483016128,
          0.9391554246267715,
          0.9390012986028202,
          0.9325091322841984,
          0.9388618154450504
        ],
        [
          0.977985963220956,
          0.9702175466139139,
          0.0,
          0.9792954547690383,
          0.976760443273509,
          0.9670248507589543,
          0.9677657066724646,
          1.0584829620575167,
          0.9622505030754578,
          0.969278896892567,
          0.9702644841813868,
          0.9699407084015418,
          0.9693789325748141,
          0.9660819284514747,
          1.082850640477658,
          1.4104890434267474,
          1.0298684131127522,
          1.5084957427587533,
          1.4410228121037452,
          0.9676229807636396,
          0.9671710460363551,
          0.9662593877525202,
          0.9498686277152789,
          0.9656088979068079
        ],
        [
          1.038165342679094,
          1.4132985034078285,
          0.9792954547690383,
          0.0,
          1.9298281056222668,
          0.9413591160599364,
          0.9416462877049694,
          0.9587794365238214,
          0.939817896708814,
          0.9418095370219567,
          0.947496707878744,
          0.9485086331999123,
          0.9420713897699114,
          0.9413633566169576,
          0.9628296843488683,
          1.0897011631968074,
          1.0251935611097418,
          0.9549269051980431,
          0.9469539552343381,
          0.9416068314214127,
          0.9415220615092407,
          0.9413557094270895,
          1.0848878081537026,
          0.9411846712517611
        ],
        [
          1.032951484613126,
          0.9432139785931636,
          0.976760443273509,
          1.9298281056222668,
          0.0,
          0.9402448516083243,
          0.9405093015461361,
          0.9571091062806261,
          0.9388961974758359,
          3.036008660451602,
          0.9408339904132583,
          0.9404573984191634,
          0.9408878072572813,
          0.9403162999248302,
          0.9605827451260927,
          1.0832217489561315,
          1.0185472884042628,
          0.95374004835684,
          0.9456068504779573,
          0.9404636102899586,
          0.940407220424038,
          0.9402820291016429,
          1.0793155771487843,
          0.9401455934942974
        ],
        [
          0.941759867297404,
          0.9389865079912328,
          0.9670248507589543,
          0.9413591160599364,
          0.9402448516083243,
          0.0,
          0.938884418408932,
          0.9528378056761275,
          0.9372101048788876,
          0.9385392921313461,
          0.9391108436687564,
          0.9387515505036699,
          0.9390283248434741,
          0.9386622976381142,
          0.9521637224549332,
          1.3770167630284436,
          0.9540591168902957,
          0.9499574737560742,
          0.9431068346074165,
          0.9388720382800401,
          0.9388116295706299,
          0.9386795903544136,
          0.9356205521687552,
          0.9385685537832356
        ],
        [
          0.9420635742538487,
          0.9392327948144931,
          0.9677657066724646,
          0.9416462877049694,
          0.9405093015461361,
          0.938884418408932,
          0.0,
          0.9533037104016373,
          0.9888149298448007,
          0.9387772436465975,
          0.9393608874178224,
          0.9389958510116445,
          0.9393003246106107,
          0.9388891477789467,
          0.9526411837183923,
          1.2593746748903099,
          0.9545503155531919,
          0.9503508350049529,
          0.9434206453450286,
          0.9391088917067566,
          0.9390394911228401,
          0.9389013149219106,
          1.0300414387922237,
          0.9387847555542682
        ],
        [
          0.9594921581159556,
          0.9545016767090899,
          1.0584829620575167,
          0.9587794365238214,
          0.9571091062806261,
          0.9528378056761275,
          0.9533037104016373,
          0.0,
          0.9499710504248835,
          0.9535360526691653,
          0.9545948116733955,
          0.9542471717347968,
          0.9541356961826094,
          0.9524876643674962,
          0.9880661061402541,
          0.9377781159220016,
          0.9812031466532557,
          1.0752021595481158,
          0.9651173675626613,
          0.9531641913206779,
          0.9529899931612167,
          0.9525038063752143,
          0.9412276333851233,
          0.9521861791037597
        ],
        [
          1.4148163443684547,
          0.9373473036936463,
          0.9622505030754578,
          0.939817896708814,
          0.9388961974758359,
          0.9372101048788876,
          0.9888149298448007,
          0.9499710504248835,
          0.0,
          0.9370148029986338,
          0.9374361006860489,
          0.9371352971169727,
          0.9375219694017601,
          0.9374084932044936,
          0.9497701950401503,
          3.528712723793869,
          0.9546030072208137,
          0.9482283214662476,
          0.9410174889982545,
          0.9373793179665588,
          0.9373354787547397,
          0.9383826028413209,
          1.6807568971259301,
          0.9373173860011763
        ],
        [
          2.810840334389299,
          0.9388669849990613,
          0.969278896892567,
          0.9418095370219567,
          3.036008660451602,
          0.9385392921313461,
          0.9387772436465975,
          0.9535360526691653,
          0.9370148029986338,
          0.0,
          0.9389979002434956,
          0.9385976799387695,
          0.9389161110459364,
          0.9385449390751124,
          0.9535822809109208,
          0.9185450418552895,
          0.9580547483811906,
          0.9505133979643738,
          0.9432524515881572,
          0.9387597326211606,
          0.9387093279589676,
          0.9386135384821231,
          0.9320218706953984,
          0.9384444624466723
        ],
        [
          0.9419267651709177,
          1.4117569007899828,
          0.9702644841813868,
          0.947496707878744,
          0.9408339904132583,
          0.9391108436687564,
          0.9393608874178224,
          0.9545948116733955,
          0.9374361006860489,
          0.9389979002434956,
          0.0,
          0.9415386173996518,
          0.9395269339450713,
          0.9390791225705539,
          0.9537836837212106,
          0.9184714560739161,
          0.9552173435363567,
          0.9513665131754188,
          0.9440135890545159,
          0.9393513101317733,
          0.9392809706368829,
          0.9391213864248601,
          0.931940784164582,
          0.9389759533844539
        ],
        [
          0.9415629953608472,
          1.4148314211475166,
          0.9699407084015418,
          0.9485086331999123,
          0.9404573984191634,
          0.9387515505036699,
          0.9389958510116445,
          0.9542471717347968,
          0.9371352971169727,
          0.9385976799387695,
          0.9415386173996518,
          0.0,
          0.9391483138727735,
          0.938745869264466,
          0.953432921383174,
          0.918123483382321,
          0.9548771922677832,
          0.9511532567625478,
          0.9436378449547953,
          0.9389826486962782,
          0.9389229626725916,
          0.9387762469086356,
          0.9317781198970744,
          0.9386436509097822
        ],
        [
          0.9443924838385757,
          0.9393954017670207,
          0.9693789325748141,
          0.9420713897699114,
          0.9408878072572813,
          0.9390283248434741,
          0.9393003246106107,
          0.9541356961826094,
          0.9375219694017601,
          0.9389161110459364,
          0.9395269339450713,
          0.9391483138727735,
          0.0,
          0.9390938518703593,
          0.9539776049408792,
          1.0551763053754348,
          0.958478724271544,
          0.950948013487078,
          0.9437556546191913,
          0.9392865368501738,
          0.9391886207622185,
          0.9390416761688107,
          3.1520026443284155,
          0.9389709447267051
        ],
        [
          0.9430029647664224,
          0.9389645592010133,
          0.9660819284514747,
          0.9413633566169576,
          0.9403162999248302,
          0.9386622976381142,
          0.9388891477789467,
          0.9524876643674962,
          0.9374084932044936,
          0.9385449390751124,
          0.9390791225705539,
          0.938745869264466,
          0.9390938518703593,
          0.0,
          0.9520504754500283,
          2.093038422033678,
          0.9553413841071632,
          0.9497635686065774,
          0.9429393325998235,
          0.938876725041859,
          0.9388031712694329,
          0.9386954359780689,
          1.5117025291320874,
          1.2494880646866355
        ],
        [
          0.9601577661940761,
          0.9538910337548918,
          1.082850640477658,
          0.9628296843488683,
          0.9605827451260927,
          0.9521637224549332,
          0.9526411837183923,
          0.9880661061402541,
          0.9497701950401503,
          0.9535822809109208,
          0.9537836837212106,
          0.953432921383174,
          0.9539776049408792,
          0.9520504754500283,
          0.0,
          0.9361317196322793,
          1.0118281832355291,
          0.978244998945415,
          0.9656864843130972,
          0.9525400776962907,
          0.9523168022677413,
          0.9519534252517966,
          0.9423814938378556,
          0.9516513717218152
        ],
        [
          2.293390989343787,
          0.9191717091446877,
          1.4104890434267474,
          1.0897011631968074,
          1.0832217489561315,
          1.3770167630284436,
          1.2593746748903099,
          0.9377781159220016,
          3.528712723793869,
          0.9185450418552895,
          0.9184714560739161,
          0.918123483382321,
          1.0551763053754348,
          2.093038422033678,
          0.9361317196322793,
          0.0,
          0.9954767194696006,
          4.657680916029087,
          0.9239052658588954,
          1.1812136828134658,
          1.3785429004586223,
          1.841861805149979,
          17.010813562859145,
          2.0884536478618343
        ],
        [
          1.009931678962496,
          0.9561223638491491,
          1.0298684131127522,
          1.0251935611097418,
          1.0185472884042628,
          0.9540591168902957,
          0.9545503155531919,
          0.9812031466532557,
          0.9546030072208137,
          0.9580547483811906,
          0.9552173435363567,
          0.9548771922677832,
          0.958478724271544,
          0.9553413841071632,
          1.0118281832355291,
          0.9954767194696006,
          0.0,
          0.977067155610157,
          0.9633350232789429,
          0.9545732343269647,
          0.9542070385149897,
          0.9544653452382145,
          0.9930635009090901,
          0.9543827639578438
        ],
        [
          1.4229085776713355,
          0.9513329316325144,
          1.5084957427587533,
          0.9549269051980431,
          0.95374004835684,
          0.9499574737560742,
          0.9503508350049529,
          1.0752021595481158,
          0.9482283214662476,
          0.9505133979643738,
          0.9513665131754188,
          0.9511532567625478,
          0.950948013487078,
          0.9497635686065774,
          0.978244998945415,
          4.657680916029087,
          0.977067155610157,
          0.0,
          0.9609802663112166,
          0.9501664010556724,
          0.950049200695963,
          0.9496543002178416,
          1.4074953137833488,
          0.94951330653993
        ],
        [
          0.9468570344304069,
          0.9438886489945804,
          1.4410228121037452,
          0.9469539552343381,
          0.9456068504779573,
          0.9431068346074165,
          0.9434206453450286,
          0.9651173675626613,
          0.9410174889982545,
          0.9432524515881572,
          0.9440135890545159,
          0.9436378449547953,
          0.9437556546191913,
          0.9429393325998235,
          0.9656864843130972,
          0.9239052658588954,
          0.9633350232789429,
          0.9609802663112166,
          0.0,
          0.943372311474563,
          0.9432679222541938,
          0.9429893294231042,
          0.934472909262615,
          0.942785885083075
        ],
        [
          0.9420731646747598,
          0.9392215483016128,
          0.9676229807636396,
          0.9416068314214127,
          0.9404636102899586,
          0.9388720382800401,
          0.9391088917067566,
          0.9531641913206779,
          0.9373793179665588,
          0.9387597326211606,
          0.9393513101317733,
          0.9389826486962782,
          0.9392865368501738,
          0.938876725041859,
          0.9525400776962907,
          1.1812136828134658,
          0.9545732343269647,
          0.9501664010556724,
          0.943372311474563,
          0.0,
          0.9390286106508734,
          0.9388877382324391,
          1.1520326472775246,
          0.9387720325865284
        ],
        [
          0.9419137555379221,
          0.9391554246267715,
          0.9671710460363551,
          0.9415220615092407,
          0.940407220424038,
          0.9388116295706299,
          0.9390394911228401,
          0.9529899931612167,
          0.9373354787547397,
          0.9387093279589676,
          0.9392809706368829,
          0.9389229626725916,
          0.9391886207622185,
          0.9388031712694329,
          0.9523168022677413,
          1.3785429004586223,
          0.9542070385149897,
          0.950049200695963,
          0.9432679222541938,
          0.9390286106508734,
          0.0,
          0.9388258972316453,
          0.932574668681378,
          0.9387092000506554
        ],
        [
          1.4106537884225954,
          0.9390012986028202,
          0.9662593877525202,
          0.9413557094270895,
          0.9402820291016429,
          0.9386795903544136,
          0.9389013149219106,
          0.9525038063752143,
          0.9383826028413209,
          0.9386135384821231,
          0.9391213864248601,
          0.9387762469086356,
          0.9390416761688107,
          0.9386954359780689,
          0.9519534252517966,
          1.841861805149979,
          0.9544653452382145,
          0.9496543002178416,
          0.9429893294231042,
          0.9388877382324391,
          0.9388258972316453,
          0.0,
          0.9329349741080039,
          0.938603783351062
        ],
        [
          1.141500179410878,
          0.9325091322841984,
          0.9498686277152789,
          1.0848878081537026,
          1.0793155771487843,
          0.9356205521687552,
          1.0300414387922237,
          0.9412276333851233,
          1.6807568971259301,
          0.9320218706953984,
          0.931940784164582,
          0.9317781198970744,
          3.1520026443284155,
          1.5117025291320874,
          0.9423814938378556,
          17.010813562859145,
          0.9930635009090901,
          1.4074953137833488,
          0.934472909262615,
          1.1520326472775246,
          0.932574668681378,
          0.9329349741080039,
          0.0,
          1.0273273453445264
        ],
        [
          0.9423950620780578,
          0.9388618154450504,
          0.9656088979068079,
          0.9411846712517611,
          0.9401455934942974,
          0.9385685537832356,
          0.9387847555542682,
          0.9521861791037597,
          0.9373173860011763,
          0.9384444624466723,
          0.9389759533844539,
          0.9386436509097822,
          0.9389709447267051,
          1.2494880646866355,
          0.9516513717218152,
          2.0884536478618343,
          0.9543827639578438,
          0.94951330653993,
          0.942785885083075,
          0.9387720325865284,
          0.9387092000506554,
          0.938603783351062,
          1.0273273453445264,
          0.0
        ]
      ]
    },
    "host": {
      "alphabet": [
        "",
        "Camelus",
        "Camelus bactrianus",
        "Camelus dromedarius",
        "Homo sapiens",
        "Hypsugo savii",
        "Laephotis capensis",
        "Lama glama",
        "Pipistrellus kuhlii",
        "Pipistrellus nathusii",
        "Rhinolophus ferrumequinum",
        "Vespertilio murinus",
        "Vespertilio sinensis",
        "?"
      ],
      "equilibrium_probabilities": [
        0.09082317263528918,
        0.047953320180119406,
        0.0728736172526001,
        0.04323392360428076,
        0.040308774532392025,
        0.09040421729732565,
        0.08599287118118151,
        0.08188077802716073,
        0.09040421729732567,
        0.08957338420598968,
        0.09004105187227955,
        0.08885295329899562,
        0.08765771861506022
      ],
      "rate": 24.92217757579526,
      "transition_matrix": [
        [
          0.0,
          2.50971249713184,
          0.8647458859406177,
          2.4416195493097743,
          3.459930983309111,
          0.8929053790806344,
          0.9795516912795739,
          0.8586377777047364,
          0.8929053790806339,
          0.9369024580978038,
          0.9189882290319666,
          1.1359629141799241,
          1.1082017020614914
        ],
        [
          2.50971249713184,
          0.0,
          0.8153554943951463,
          2.5867496517375903,
          9.890535991882826,
          0.8241216122365254,
          0.8504850411446693,
          0.8138440831036122,
          0.8241216122365254,
          0.839239264251243,
          0.8330472346419128,
          0.8398639590569793,
          0.8405071749502746
        ],
        [
          0.8647458859406177,
          0.8153554943951463,
          0.0,
          1.2132721177390968,
          2.7420203702239774,
          0.8302652496898469,
          0.8452389577165238,
          0.8178046041736439,
          0.8302652496898469,
          0.84137820510928,
          0.8402047755977878,
          0.8339252559712486,
          0.8362012340082915
        ],
        [
          2.4416195493097743,
          2.5867496517375903,
          1.2132721177390968,
          0.0,
          26.76868668863133,
          0.8161816183113113,
          0.9836760354452058,
          0.9593975363647483,
          0.8161816183113113,
          0.8372400799581684,
          0.8253960714903369,
          0.8318770470161114,
          0.8326543025702555
        ],
        [
          3.459930983309111,
          9.890535991882826,
          2.7420203702239774,
          26.76868668863133,
          0.0,
          0.7897556629066839,
          0.8572406635487745,
          1.0324804381989139,
          0.7897556629066839,
          0.8054906526012379,
          0.7974498489636622,
          0.8046175042305278,
          0.8053876574831441
        ],
        [
          0.8929053790806344,
          0.8241216122365254,
          0.8302652496898469,
          0.8161816183113113,
          0.7897556629066839,
          0.0,
          0.8624790744427322,
          0.8302577502932529,
          1.3339961790645773,
          0.8674817458120785,
          0.9228506560187074,
          0.8548429295616871,
          0.8581984088237982
        ],
        [
          0.9795516912795739,
          0.8504850411446693,
          0.8452389577165238,
          0.9836760354452058,
          0.8572406635487745,
          0.8624790744427322,
          0.0,
          0.8405301026679053,
          0.8624790744427322,
          0.9189000762666242,
          0.8804985316490136,
          0.8689859382232658,
          0.8725836418244424
        ],
        [
          0.8586377777047364,
          0.8138440831036122,
          0.8178046041736439,
          0.9593975363647483,
          1.0324804381989139,
          0.8302577502932529,
          0.8405301026679053,
          0.0,
          0.8302577502932527,
          0.839532096562059,
          0.8400422878134601,
          0.8330108638174237,
          0.8354332041337084
        ],
        [
          0.8929053790806339,
          0.8241216122365254,
          0.8302652496898469,
          0.8161816183113113,
          0.7897556629066839,
          1.3339961790645773,
          0.8624790744427322,
          0.8302577502932527,
          0.0,
          0.8674817458120786,
          0.9228506560187072,
          0.854842929561687,
          0.8581984088237979
        ],
        [
          0.9369024580978038,
          0.839239264251243,
          0.84137820510928,
          0.8372400799581684,
          0.8054906526012379,
          0.8674817458120785,
          0.9189000762666242,
          0.839532096562059,
          0.8674817458120786,
          0.0,
          0.888597219541862,
          0.875280554952167,
          0.8795992657553221
        ],
        [
          0.9189882290319666,
          0.8330472346419128,
          0.8402047755977878,
          0.8253960714903369,
          0.7974498489636622,
          0.9228506560187074,
          0.8804985316490136,
          0.8400422878134601,
          0.9228506560187072,
          0.888597219541862,
          0.0,
          0.8719035774029629,
          0.8758197951495689
        ],
        [
          1.1359629141799241,
          0.8398639590569793,
          0.8339252559712486,
          0.8318770470161114,
          0.8046175042305278,
          0.8548429295616871,
          0.8689859382232658,
          0.8330108638174237,
          0.854842929561687,
          0.875280554952167,
          0.8719035774029629,
          0.0,
          0.9115972403909326
        ],
        [
          1.1082017020614914,
          0.8405071749502746,
          0.8362012340082915,
          0.8326543025702555,
          0.8053876574831441,
          0.8581984088237982,
          0.8725836418244424,
          0.8354332041337084,
          0.8581984088237979,
          0.8795992657553221,
          0.8758197951495689,
          0.9115972403909326,
          0.0
        ]
      ]
    }
  },
  "nodes": {
    "JX869059": {
      "country": "",
      "country_confidence": {
        "": 1.0
      },
      "country_entropy": -1.000088900581841e-12,
      "host": "Homo sapiens",
      "host_confidence": {
        "Homo sapiens": 1.0
      },
      "host_entropy": -1.000088900581841e-12
    },
    "KC164505": {
      "country": "United Kingdom",
      "country_confidence": {
        "United Kingdom": 1.0
      },
      "country_entropy": -1.000088900581841e-12,
      "host": "Homo sapiens",
      "host_confidence": {
        "Homo sapiens": 1.0
      },
      "host_entropy": -1.000088900581841e-12
    },
    "KC667074": {
      "country": "United Kingdom",
      "country_confidence": {
        "United Kingdom": 1.0
      },
      "country_entropy": -1.000088900581841e-12,
      "host": "Homo sapiens",
      "host_confidence": {
        "Homo sapiens": 1.0
      },
      "host_entropy": -1.000088900581841e-12
    },
    "KC776174": {
      "country": "Jordan",
      "country_confidence": {
        "Jordan": 1.0
      },
      "country_entropy": -1.000088900581841e-12,
      "host": "Homo sapiens",
      "host_confidence": {
        "Homo sapiens": 1.0
      },
      "host_entropy": -1.000088900581841e-12
    },
    "KC869678": {
      "country": "South Africa",
      "country_confidence": {
        "South Africa": 1.0
      },
      "country_entropy": -1.000088900581841e-12,
      "host": "Laephotis capensis",
      "host_confidence": {
        "Laephotis capensis": 1.0
      },
      "host_entropy": -1.000088900581841e-12
    },
    "KC875821": {
      "country": "Qatar",
      "country_confidence": {
        "Qatar": 0.9999999999999999
      },
      "country_entropy": -9.99866855976916e-13,
      "host": "Homo sapiens",
      "host_confidence": {
        "Homo sapiens": 1.0
      },
      "host_entropy": -1.000088900581841e-12
    },
    "KF186564": {
      "country": "Saudi Arabia",
      "country_confidence": {
        "Saudi Arabia": 1.0
      },
      "country_entropy": -1.000088900581841e-12,
      "host": "Homo sapiens",
      "host_confidence": {
        "Homo sapiens": 1.0
      },
      "host_entropy": -1.000088900581841e-12
    },
    "KF186565": {
      "country": "Saudi Arabia",
      "country_confidence": {
        "Saudi Arabia": 1.0
      },
      "country_entropy": -1.000088900581841e-12,
      "host": "Homo sapiens",
      "host_confidence": {
        "Homo sapiens": 0.9999999999999999
      },
      "host_entropy": -9.99866855976916e-13
    },
    "KF186566": {
      "country": "Saudi Arabia",
      "country_confidence": {
        "Saudi Arabia": 1.0
      },
      "country_entropy": -1.000088900581841e-12,
      "host": "Homo sapiens",
      "host_confidence": {
        "Homo sapiens": 1.0
      },
      "host_entropy": -1.000088900581841e-12
    },
    "KF186567": {
      "country": "Saudi Arabia",
      "country_confidence": {
        "Saudi Arabia": 1.0
      },
      "country_entropy": -1.000088900581841e-12,
      "host": "Homo sapiens",
      "host_confidence": {
        "Homo sapiens": 1.0
      },
      "host_entropy": -1.000088900581841e-12
    },
    "KF192507": {
      "country": "United Arab Emirates",
      "country_confidence": {
        "United Arab Emirates": 0.9999999999999999
      },
      "country_entropy": -9.99866855976916e-13,
      "host": "Homo sapiens",
      "host_confidence": {
        "Homo sapiens": 1.0
      },
      "host_entropy": -1.000088900581841e-12
    },
    "KF600612": {
      "country": "Saudi Arabia",
      "country_confidence": {
        "Saudi Arabia": 1.0
      },
      "country_entropy": -1.000088900581841e-12,
      "host": "Homo sapiens",
      "host_confidence": {
        "Homo sapiens": 1.0
      },
      "host_entropy": -1.000088900581841e-12
    },
    "KF600613": {
      "country": "Saudi Arabia",
      "country_confidence": {
        "Saudi Arabia": 1.0
      },
      "country_entropy": -1.000088900581841e-12,
      "host": "Homo sapiens",
      "host_confidence": {
        "Homo sapiens": 1.0
      },
      "host_entropy": -1.000088900581841e-12
    },
    "KF600615": {
      "country": "Saudi Arabia",
      "country_confidence": {
        "Saudi Arabia": 1.0
      },
      "country_entropy": -1.000088900581841e-12,
      "host": "Homo sapiens",
      "host_confidence": {
        "Homo sapiens": 1.0
      },
      "host_entropy": -1.000088900581841e-12
    },
    "KF600616": {
      "country": "Saudi Arabia",
      "country_confidence": {
        "Saudi Arabia": 1.0
      },
      "country_entropy": -1.000088900581841e-12,
      "host": "Homo sapiens",
      "host_confidence": {
        "Homo sapiens": 1.0
      },
      "host_entropy": -1.000088900581841e-12
    },
    "KF600620": {
      "country": "Saudi Arabia",
      "country_confidence": {
        "Saudi Arabia": 1.0
      },
      "country_entropy": -1.000088900581841e-12,
      "host": "Homo sapiens",
      "host_confidence": {
        "Homo sapiens": 1.0
      },
      "host_entropy": -1.000088900581841e-12
    },
    "KF600622": {
      "country": "Saudi Arabia",
      "country_confidence": {
        "Saudi Arabia": 1.0
      },
      "country_entropy": -1.000088900581841e-12,
      "host": "Homo sapiens",
      "host_confidence": {
        "Homo sapiens": 1.0
      },
      "host_entropy": -1.000088900581841e-12
    },
    "KF600623": {
      "country": "Saudi Arabia",
      "country_confidence": {
        "Saudi Arabia": 0.9999999999999999
      },
      "country_entropy": -9.99866855976916e-13,
      "host": "Homo sapiens",
      "host_confidence": {
        "Homo sapiens": 1.0
      },
      "host_entropy": -1.000088900581841e-12
    },
    "KF600626": {
      "country": "Saudi Arabia",
      "country_confidence": {
        "Saudi Arabia": 1.0
      },
      "country_entropy": -1.000088900581841e-12,
      "host": "Homo sapiens",
      "host_confidence": {
        "Homo sapiens": 1.0
      },
      "host_entropy": -1.000088900581841e-12
    },
    "KF600627": {
      "country": "Saudi Arabia",
      "country_confidence": {
        "Saudi Arabia": 1.0
      },
      "country_entropy": -1.000088900581841e-12,
      "host": "Homo sapiens",
      "host_confidence": {
        "Homo sapiens": 1.0
      },
      "host_entropy": -1.000088900581841e-12
    },
    "KF600628": {
      "country": "Saudi Arabia",
      "country_confidence": {
        "Saudi Arabia": 0.9999999999999999
      },
      "country_entropy": -9.99866855976916e-13,
      "host": "Homo sapiens",
      "host_confidence": {
        "Homo sapiens": 1.0
      },
      "host_entropy": -1.000088900581841e-12
    },
    "KF600630": {
      "country": "Saudi Arabia",
      "country_confidence": {
        "Saudi Arabia": 1.0
      },
      "country_entropy": -1.000088900581841e-12,
      "host": "Homo sapiens",
      "host_confidence": {
        "Homo sapiens": 1.0
      },
      "host_entropy": -1.000088900581841e-12
    },
    "KF600631": {
      "country": "Saudi Arabia",
      "country_confidence": {
        "Saudi Arabia": 0.9999999999999999
      },
      "country_entropy": -9.99866855976916e-13,
      "host": "Homo sapiens",
      "host_confidence": {
        "Homo sapiens": 1.0
      },
      "host_entropy": -1.000088900581841e-12
    },
    "KF600632": {
      "country": "Saudi Arabia",
      "country_confidence": {
        "Saudi Arabia": 1.0
      },
      "country_entropy": -1.000088900581841e-12,
      "host": "Homo sapiens",
      "host_confidence": {
        "Homo sapiens": 1.0
      },
      "host_entropy": -1.000088900581841e-12
    },
    "KF600634": {
      "country": "Saudi Arabia",
      "country_confidence": {
        "Saudi Arabia": 1.0
      },
      "country_entropy": -1.000088900581841e-12,
      "host": "Homo sapiens",
      "host_confidence": {
        "Homo sapiens": 1.0
      },
      "host_entropy": -1.000088900581841e-12
    },
    "KF600636": {
      "country": "Saudi Arabia",
      "country_confidence": {
        "Saudi Arabia": 1.0
      },
      "country_entropy": -1.000088900581841e-12,
      "host": "Homo sapiens",
      "host_confidence": {
        "Homo sapiens": 1.0
      },
      "host_entropy": -1.000088900581841e-12
    },
    "KF600638": {
      "country": "Saudi Arabia",
      "country_confidence": {
        "Saudi Arabia": 1.0
      },
      "country_entropy": -1.000088900581841e-12,
      "host": "Homo sapiens",
      "host_confidence": {
        "Homo sapiens": 1.0
      },
      "host_entropy": -1.000088900581841e-12
    },
    "KF600642": {
      "country": "Saudi Arabia",
      "country_confidence": {
        "Saudi Arabia": 1.0
      },
      "country_entropy": -1.000088900581841e-12,
      "host": "Homo sapiens",
      "host_confidence": {
        "Homo sapiens": 1.0
      },
      "host_entropy": -1.000088900581841e-12
    },
    "KF600643": {
      "country": "Saudi Arabia",
      "country_confidence": {
        "Saudi Arabia": 0.9999999999999999
      },
      "country_entropy": -9.99866855976916e-13,
      "host": "Homo sapiens",
      "host_confidence": {
        "Homo sapiens": 1.0
      },
      "host_entropy": -1.000088900581841e-12
    },
    "KF600644": {
      "country": "Saudi Arabia",
      "country_confidence": {
        "Saudi Arabia": 1.0
      },
      "country_entropy": -1.000088900581841e-12,
      "host": "Homo sapiens",
      "host_confidence": {
        "Homo sapiens": 1.0
      },
      "host_entropy": -1.000088900581841e-12
    },
    "KF600645": {
      "country": "Saudi Arabia",
      "country_confidence": {
        "Saudi Arabia": 1.0
      },
      "country_entropy": -1.000088900581841e-12,
      "host": "Homo sapiens",
      "host_confidence": {
        "Homo sapiens": 0.9999999999999999
      },
      "host_entropy": -9.99866855976916e-13
    },
    "KF600646": {
      "country": "Saudi Arabia",
      "country_confidence": {
        "Saudi Arabia": 1.0
      },
      "country_entropy": -1.000088900581841e-12,
      "host": "Homo sapiens",
      "host_confidence": {
        "Homo sapiens": 1.0
      },
      "host_entropy": -1.000088900581841e-12
    },
    "KF600647": {
      "country": "Saudi Arabia",
      "country_confidence": {
        "Saudi Arabia": 1.0
      },
      "country_entropy": -1.000088900581841e-12,
      "host": "Homo sapiens",
      "host_confidence": {
        "Homo sapiens": 1.0
      },
      "host_entropy": -1.000088900581841e-12
    },
    "KF600648": {
      "country": "Saudi Arabia",
      "country_confidence": {
        "Saudi Arabia": 1.0
      },
      "country_entropy": -1.000088900581841e-12,
      "host": "Homo sapiens",
      "host_confidence": {
        "Homo sapiens": 1.0
      },
      "host_entropy": -1.000088900581841e-12
    },
    "KF600651": {
      "country": "Saudi Arabia",
      "country_confidence": {
        "Saudi Arabia": 1.0
      },
      "country_entropy": -1.000088900581841e-12,
      "host": "Homo sapiens",
      "host_confidence": {
        "Homo sapiens": 1.0
      },
      "host_entropy": -1.000088900581841e-12
    },
    "KF600652": {
      "country": "Saudi Arabia",
      "country_confidence": {
        "Saudi Arabia": 1.0
      },
      "country_entropy": -1.000088900581841e-12,
      "host": "Homo sapiens",
      "host_confidence": {
        "Homo sapiens": 0.9999999999999999
      },
      "host_entropy": -9.99866855976916e-13
    },
    "KF600655": {
      "country": "Saudi Arabia",
      "country_confidence": {
        "Saudi Arabia": 0.9999999999999999
      },
      "country_entropy": -9.99866855976916e-13,
      "host": "Homo sapiens",
      "host_confidence": {
        "Homo sapiens": 1.0
      },
      "host_entropy": -1.000088900581841e-12
    },
    "KF745068": {
      "country": "France",
      "country_confidence": {
        "France": 0.9999999999999999
      },
      "country_entropy": -9.99866855976916e-13,
      "host": "Homo sapiens",
      "host_confidence": {
        "Homo sapiens": 1.0
      },
      "host_entropy": -1.000088900581841e-12
    },
    "KF811036": {
      "country": "Tunisia",
      "country_confidence": {
        "Tunisia": 1.0
      },
      "country_entropy": -1.000088900581841e-12,
      "host": "Homo sapiens",
      "host_confidence": {
        "Homo sapiens": 1.0
      },
      "host_entropy": -1.000088900581841e-12
    },
    "KF917527": {
      "country": "Saudi Arabia",
      "country_confidence": {
        "Saudi Arabia": 1.0
      },
      "country_entropy": -1.000088900581841e-12,
      "host": "Camelus",
      "host_confidence": {
        "Camelus": 1.0
      },
      "host_entropy": -1.000088900581841e-12
    },
    "KF958702": {
      "country": "Saudi Arabia",
      "country_confidence": {
        "Saudi Arabia": 1.0
      },
      "country_entropy": -1.000088900581841e-12,
      "host": "Homo sapiens",
      "host_confidence": {
        "Homo sapiens": 1.0
      },
      "host_entropy": -1.000088900581841e-12
    },
    "KF961221": {
      "country": "Qatar",
      "country_confidence": {
        "Qatar": 1.0
      },
      "country_entropy": -1.000088900581841e-12,
      "host": "Homo sapiens",
      "host_confidence": {
        "Homo sapiens": 0.9999999999999999
      },
      "host_entropy": -9.99866855976916e-13
    },
    "KF961222": {
      "country": "Qatar",
      "country_confidence": {
        "Qatar": 1.0
      },
      "country_entropy": -1.000088900581841e-12,
      "host": "Homo sapiens",
      "host_confidence": {
        "Homo sapiens": 0.9999999999999999
      },
      "host_entropy": -9.99866855976916e-13
    },
    "KJ156860": {
      "country": "Saudi Arabia",
      "country_confidence": {
        "Saudi Arabia": 1.0
      },
      "country_entropy": -1.000088900581841e-12,
      "host": "Homo sapiens",
      "host_confidence": {
        "Homo sapiens": 0.9999999999999999
      },
      "host_entropy": -9.99866855976916e-13
    },
    "KJ156865": {
      "country": "Saudi Arabia",
      "country_confidence": {
        "Saudi Arabia": 1.0
      },
      "country_entropy": -1.000088900581841e-12,
      "host": "Homo sapiens",
      "host_confidence": {
        "Homo sapiens": 1.0
      },
      "host_entropy": -1.000088900581841e-12
    },
    "KJ156866": {
      "country": "Saudi Arabia",
      "country_confidence": {
        "Saudi Arabia": 1.0
      },
      "country_entropy": -1.000088900581841e-12,
      "host": "Homo sapiens",
      "host_confidence": {
        "Homo sapiens": 1.0
      },
      "host_entropy": -1.000088900581841e-12
    },
    "KJ156869": {
      "country": "Saudi Arabia",
      "country_confidence": {
        "Saudi Arabia": 1.0
      },
      "country_entropy": -1.000088900581841e-12,
      "host": "Homo sapiens",
      "host_confidence": {
        "Homo sapiens": 1.0
      },
      "host_entropy": -1.000088900581841e-12
    },
    "KJ156872": {
      "country": "Saudi Arabia",
      "country_confidence": {
        "Saudi Arabia": 0.9999999999999999
      },
      "country_entropy": -9.99866855976916e-13,
      "host": "Homo sapiens",
      "host_confidence": {
        "Homo sapiens": 1.0
      },
      "host_entropy": -1.000088900581841e-12
    },
    "KJ156873": {
