{
  "generated_by": {
    "program": "augur",
    "version": "24.4.0"
  },
  "models": {
    "country": {
      "alphabet": [
        "",
        "Burkina Faso",
        "China",
        "Egypt",
        "Ethiopia",
        "France",
        "Greece",
        "Jordan",
        "Kenya",
        "Morocco",
        "Nigeria",
        "Oman",
        "Qatar",
        "Saudi Arabia",
        "South Korea",
        "Thailand",
        "Tunisia",
        "USA",
        "United Arab Emirates",
        "United Kingdom",
        "?"
      ],
      "equilibrium_probabilities": [
        0.05864556369123864,
        0.061108313250496565,
        0.04834901011967699,
        0.058492805597923296,
        0.058114571690953166,
        0.05388257905597953,
        0.06043196452355788,
        0.03405710732032613,
        0.06566718141786873,
        0.06121343359158721,
        0.06167317041008181,
        0.052154247594824316,
        0.0424441382109808,
        0.03782993644374147,
        0.033013940220896064,
        0.055729453476289055,
        0.05113577640805381,
        0.05020813444181045,
        0.013311457029234194,
        0.04253721550447996
      ],
      "rate": 33.06869481908824,
      "transition_matrix": [
        [
          0.0,
          0.9346707956537755,
          0.9348618302968748,
          0.9480356967666342,
          0.9475843561294455,
          0.9346666535706988,
          0.9347943975936571,
          1.4097490193373547,
          2.8040298524507947,
          0.9347879108514292,
          0.9342969132820979,
          0.9348890845990586,
          0.9348553676257952,
          1.4522353469344689,
          1.1890892121912906,
          0.9348490790813321,
          0.9348763962505343,
          1.4042968119650576,
          1.1421964552228834,
          0.9347656867799373
        ],
        [
          0.9346707956537755,
          0.0,
          0.9348895861312035,
          1.4038437059114077,
          0.9367359866143481,
          0.9347758604903167,
          0.9349684057467081,
          0.9331582143716902,
          0.9341042449295769,
          1.4054774406598454,
          1.4092375399014878,
          0.9349489286470888,
          0.9348779672104142,
          0.9070713278790982,
          0.9330687500117674,
          0.9349878657373546,
          0.9350000474666623,
          0.9349585490533595,
          0.925405582138103,
          0.9348045146259858
        ],
        [
          0.9348618302968748,
          0.9348895861312035,
          0.0,
          0.9349281245238306,
          0.9339159222979913,
          0.9349109329069022,
          0.9350459340424846,
          0.9337181971618485,
          0.9343571234764196,
          0.9350465524729131,
          0.9346428847776734,
          0.9350399243177673,
          0.9350084701558541,
          1.6656643840419127,
          1.1765229501573917,
          0.9350701784132669,
          0.9350831080225891,
          0.9350911200678664,
          0.9270459870802342,
          0.9349512501200378
        ],
        [
          0.9480356967666342,
          1.4038437059114077,
          0.9349281245238306,
          0.0,
          1.8696906798736355,
          0.9348036040688318,
          0.9348967880154063,
          0.9337584957906696,
          0.9344986192662914,
          0.9428177238355487,
          0.9440283834870209,
          0.9352561688462402,
          0.935047358836938,
          1.0211312106768888,
          0.9334889237088151,
          0.9349908172704837,
          0.9349950563097021,
          0.9350132930143227,
          1.0923614331410532,
          0.9349084862319811
        ],
        [
          0.9475843561294455,
          0.9367359866143481,
          0.9339159222979913,
          1.8696906798736355,
          0.0,
          0.9336752603237167,
          0.9336289982495513,
          0.9330581583540224,
          2.9315266483187745,
          0.9336490959577145,
          0.9331628297045566,
          0.9341610893469352,
          0.9341570069634917,
          1.021098070960459,
          0.932814098951277,
          0.9338214468115796,
          0.9339216720548975,
          0.9339617188938447,
          1.0930330720644632,
          0.9340169253934542
        ],
        [
          0.9346666535706988,
          0.9347758604903167,
          0.9349109329069022,
          0.9348036040688318,
          0.9336752603237167,
          0.0,
          0.9349513327001961,
          0.9334492344287867,
          0.9341776791197659,
          0.934951126742378,
          0.9345007687632296,
          0.9349862858222442,
          0.934914901632773,
          1.1416114651929088,
          0.9333683780536883,
          0.9349835768997954,
          0.9349919224488521,
          0.9349716185588899,
          1.1724146314099528,
          0.9348373404928768
        ],
        [
          0.9347943975936571,
          0.9349684057467081,
          0.9350459340424846,
          0.9348967880154063,
          0.9336289982495513,
          0.9349513327001961,
          0.0,
          1.4005357922253245,
          0.9343155957482647,
          0.9351658536077792,
          0.9346624879832784,
          0.9351140981713033,
          0.9350143414143723,
          0.9084689525087644,
          0.9331940206424272,
          0.9351672345233012,
          0.9351639883132593,
          0.9351427501949302,
          0.9246917984406876,
          0.9349426836714246
        ],
        [
          1.4097490193373547,
          0.9331582143716902,
          0.9337181971618485,
          0.9337584957906696,
          0.9330581583540224,
          0.9334492344287867,
          1.4005357922253245,
          0.0,
          0.932666405220875,
          0.9332611684060729,
          0.9329641551703994,
          0.9335803715523465,
          0.9338512536232929,
          4.036180410689763,
          0.9337784080581689,
          0.9334623961803193,
          0.9336033952619058,
          1.173068949933335,
          1.5784652223297952,
          0.9338033693381577
        ],
        [
          2.8040298524507947,
          0.9341042449295769,
          0.9343571234764196,
          0.9344986192662914,
          2.9315266483187745,
          0.9341776791197659,
          0.9343155957482647,
          0.932666405220875,
          0.0,
          0.9343083843154748,
          0.9337560243837192,
          0.9343789450505616,
          0.9344057362621228,
          0.9045109675478357,
          0.9326544111276058,
          0.9343862222292992,
          0.9344468504236124,
          0.9344160869015105,
          0.9241645448734499,
          0.9343265486547871
        ],
        [
          0.9347879108514292,
          1.4054774406598454,
          0.9350465524729131,
          0.9428177238355487,
          0.9336490959577145,
          0.934951126742378,
          0.9351658536077792,
          0.9332611684060729,
          0.9343083843154748,
          0.0,
          0.9380164187466175,
          0.9351159360336333,
          0.9350141381031625,
          0.9065346631035384,
          0.9331690512548709,
          0.9351698955220598,
          0.9351665553191087,
          0.9351215115937104,
          0.9245547207319236,
          0.9349415416014859
        ],
        [
          0.9342969132820979,
          1.4092375399014878,
          0.9346428847776734,
          0.9440283834870209,
          0.9331628297045566,
          0.9345007687632296,
          0.9346624879832784,
          0.9329641551703994,
          0.9337560243837192,
          0.9380164187466175,
          0.0,
          0.9346810403285075,
          0.9346594561941713,
          0.9060306606592096,
          0.9328800397845269,
          0.9347055826626667,
          0.9347405549363031,
          0.9347028739717548,
          0.9243685064975716,
          0.9345855926985016
        ],
        [
          0.9348890845990586,
          0.9349489286470888,
          0.9350399243177673,
          0.9352561688462402,
          0.9341610893469352,
          0.9349862858222442,
          0.9351140981713033,
          0.9335803715523465,
          0.9343789450505616,
          0.9351159360336333,
          0.9346810403285075,
          0.0,
          0.9350270970982005,
          1.042801584864574,
          0.9334908878016799,
          0.9351412255346676,
          0.9351267520814764,
          0.9351032925312733,
          3.1352486449231023,
          0.9349545290606665
        ],
        [
          0.9348553676257952,
          0.9348779672104142,
          0.9350084701558541,
          0.935047358836938,
          0.9341570069634917,
          0.934914901632773,
          0.9350143414143723,
          0.9338512536232929,
          0.9344057362621228,
          0.9350141381031625,
          0.9346594561941713,
          0.9350270970982005,
          0.0,
          2.2585786490995505,
          0.9338031621516439,
          0.9350404803679252,
          0.935040079649631,
          0.9350597012042461,
          1.431666763409751,
          0.9436355532077461
        ],
        [
          1.4522353469344689,
          0.9070713278790982,
          1.6656643840419127,
          1.0211312106768888,
          1.021098070960459,
          1.1416114651929088,
          0.9084689525087644,
          4.036180410689763,
          0.9045109675478357,
          0.9065346631035384,
          0.9060306606592096,
          1.042801584864574,
          2.2585786490995505,
          0.0,
          4.538205257138344,
          0.9966765153140325,
          1.3666614662012002,
          1.684704636213291,
          17.09647245630634,
          2.2577376788001975
        ],
        [
          1.1890892121912906,
          0.9330687500117674,
          1.1765229501573917,
          0.9334889237088151,
          0.932814098951277,
          0.9333683780536883,
          0.9331940206424272,
          0.9337784080581689,
          0.9326544111276058,
          0.9331690512548709,
          0.9328800397845269,
          0.9334908878016799,
          0.9338031621516439,
          4.538205257138344,
          0.0,
          0.9333832814600239,
          0.933534710187692,
          0.9336967416249837,
          1.3971195742370897,
          0.9337635796358535
        ],
        [
          0.9348490790813321,
          0.9349878657373546,
          0.9350701784132669,
          0.9349908172704837,
          0.9338214468115796,
          0.9349835768997954,
          0.9351672345233012,
          0.9334623961803193,
          0.9343862222292992,
          0.9351698955220598,
          0.9347055826626667,
          0.9351412255346676,
          0.9350404803679252,
          0.9966765153140325,
          0.9333832814600239,
          0.0,
          0.9351699560322596,
          0.9351392091184083,
          1.3078898330793318,
          0.9349700075156474
        ],
        [
          0.9348763962505343,
          0.9350000474666623,
          0.9350831080225891,
          0.9349950563097021,
          0.9339216720548975,
          0.9349919224488521,
          0.9351639883132593,
          0.9336033952619058,
          0.9344468504236124,
          0.9351665553191087,
          0.9347405549363031,
          0.9351267520814764,
          0.935040079649631,
          1.3666614662012002,
          0.933534710187692,
          0.9351699560322596,
          0.0,
          0.9351470950266644,
          0.9263450620357554,
          0.9349796688195188
        ],
        [
          1.4042968119650576,
          0.9349585490533595,
          0.9350911200678664,
          0.9350132930143227,
          0.9339617188938447,
          0.9349716185588899,
          0.9351427501949302,
          1.173068949933335,
          0.9344160869015105,
          0.9351215115937104,
          0.9347028739717548,
          0.9351032925312733,
          0.9350597012042461,
          1.684704636213291,
          0.9336967416249837,
          0.9351392091184083,
          0.9351470950266644,
          0.0,
          0.9268732223818881,
          0.935000376345072
        ],
        [
          1.1421964552228834,
          0.925405582138103,
          0.9270459870802342,
          1.0923614331410532,
          1.0930330720644632,
          1.1724146314099528,
          0.9246917984406876,
          1.5784652223297952,
          0.9241645448734499,
          0.9245547207319236,
          0.9243685064975716,
          3.1352486449231023,
          1.431666763409751,
          17.09647245630634,
          1.3971195742370897,
          1.3078898330793318,
          0.9263450620357554,
          0.9268732223818881,
          0.0,
          0.9646853481293458
        ],
        [
          0.9347656867799373,
          0.9348045146259858,
          0.9349512501200378,
          0.9349084862319811,
          0.9340169253934542,
          0.9348373404928768,
          0.9349426836714246,
          0.9338033693381577,
          0.9343265486547871,
          0.9349415416014859,
          0.9345855926985016,
          0.9349545290606665,
          0.9436355532077461,
          2.2577376788001975,
          0.9337635796358535,
          0.9349700075156474,
          0.9349796688195188,
          0.935000376345072,
          0.9646853481293458,
          0.0
        ]
      ]
    },
    "host": {
      "alphabet": [
        "Bat",
        "Camel",
        "Human",
        "Llama",
        "?"
      ],
      "equilibrium_probabilities": [
        0.27343507812376805,
        0.23950228438687707,
        0.2581369068828231,
        0.22892573060653185
      ],
      "rate": 36.746082327013994,
      "transition_matrix": [
        [
          0.0,
          0.5056439583124658,
          0.6403087720936397,
          0.1483244627621015
        ],
        [
          0.5056439583124658,
          0.0,
          6.35870765581045,
          0.17118078362601266
        ],
        [
          0.6403087720936397,
          6.35870765581045,
          0.0,
          0.16748879374748804
        ],
        [
          0.1483244627621015,
          0.17118078362601266,
          0.16748879374748804,
          0.0
        ]
      ]
    }
  },
  "nodes": {
    "JX869059": {
      "country": "",
      "country_confidence": {
        "": 1.0
      },
      "country_entropy": -1.000088900581841e-12,
      "host": "Human",
      "host_confidence": {
        "Human": 1.0
      },
      "host_entropy": -1.000088900581841e-12
    },
    "KC164505": {
      "country": "United Kingdom",
      "country_confidence": {
        "United Kingdom": 1.0
      },
      "country_entropy": -1.000088900581841e-12,
      "host": "Human",
      "host_confidence": {
        "Human": 1.0
      },
      "host_entropy": -1.000088900581841e-12
    },
    "KC667074": {
      "country": "United Kingdom",
      "country_confidence": {
        "United Kingdom": 1.0
      },
      "country_entropy": -1.000088900581841e-12,
      "host": "Human",
      "host_confidence": {
        "Human": 1.0
      },
      "host_entropy": -1.000088900581841e-12
    },
    "KC776174": {
      "country": "Jordan",
      "country_confidence": {
        "Jordan": 1.0
      },
      "country_entropy": -1.000088900581841e-12,
      "host": "Human",
      "host_confidence": {
        "Human": 1.0
      },
      "host_entropy": -1.000088900581841e-12
    },
    "KC875821": {
      "country": "Qatar",
      "country_confidence": {
        "Qatar": 1.0
      },
      "country_entropy": -1.000088900581841e-12,
      "host": "Human",
      "host_confidence": {
        "Human": 1.0
      },
      "host_entropy": -1.000088900581841e-12
    },
    "KF186564": {
      "country": "Saudi Arabia",
      "country_confidence": {
        "Saudi Arabia": 1.0
      },
      "country_entropy": -1.000088900581841e-12,
      "host": "Human",
      "host_confidence": {
        "Human": 1.0
      },
      "host_entropy": -1.000088900581841e-12
    },
    "KF186565": {
      "country": "Saudi Arabia",
      "country_confidence": {
        "Saudi Arabia": 1.0
      },
      "country_entropy": -1.000088900581841e-12,
      "host": "Human",
      "host_confidence": {
        "Human": 0.9999999999999999
      },
      "host_entropy": -9.99866855976916e-13
    },
    "KF186566": {
      "country": "Saudi Arabia",
      "country_confidence": {
        "Saudi Arabia": 1.0
      },
      "country_entropy": -1.000088900581841e-12,
      "host": "Human",
      "host_confidence": {
        "Human": 0.9999999999999999
      },
      "host_entropy": -9.99866855976916e-13
    },
    "KF186567": {
      "country": "Saudi Arabia",
      "country_confidence": {
        "Saudi Arabia": 1.0
      },
      "country_entropy": -1.000088900581841e-12,
      "host": "Human",
      "host_confidence": {
        "Human": 1.0
      },
      "host_entropy": -1.000088900581841e-12
    },
    "KF192507": {
      "country": "United Arab Emirates",
      "country_confidence": {
        "United Arab Emirates": 1.0
      },
      "country_entropy": -1.000088900581841e-12,
      "host": "Human",
      "host_confidence": {
        "Human": 1.0
      },
      "host_entropy": -1.000088900581841e-12
    },
    "KF600612": {
      "country": "Saudi Arabia",
      "country_confidence": {
        "Saudi Arabia": 1.0
      },
      "country_entropy": -1.000088900581841e-12,
      "host": "Human",
      "host_confidence": {
        "Human": 0.9999999999999999
      },
      "host_entropy": -9.99866855976916e-13
    },
    "KF600613": {
      "country": "Saudi Arabia",
      "country_confidence": {
        "Saudi Arabia": 1.0
      },
      "country_entropy": -1.000088900581841e-12,
      "host": "Human",
      "host_confidence": {
        "Human": 1.0
      },
      "host_entropy": -1.000088900581841e-12
    },
    "KF600615": {
      "country": "Saudi Arabia",
      "country_confidence": {
        "Saudi Arabia": 1.0
      },
      "country_entropy": -1.000088900581841e-12,
      "host": "Human",
      "host_confidence": {
        "Human": 1.0
      },
      "host_entropy": -1.000088900581841e-12
    },
    "KF600616": {
      "country": "Saudi Arabia",
      "country_confidence": {
        "Saudi Arabia": 1.0
      },
      "country_entropy": -1.000088900581841e-12,
      "host": "Human",
      "host_confidence": {
        "Human": 1.0
      },
      "host_entropy": -1.000088900581841e-12
    },
    "KF600620": {
      "country": "Saudi Arabia",
      "country_confidence": {
        "Saudi Arabia": 1.0
      },
      "country_entropy": -1.000088900581841e-12,
      "host": "Human",
      "host_confidence": {
        "Human": 0.9999999999999999
      },
      "host_entropy": -9.99866855976916e-13
    },
    "KF600622": {
      "country": "Saudi Arabia",
      "country_confidence": {
        "Saudi Arabia": 1.0
      },
      "country_entropy": -1.000088900581841e-12,
      "host": "Human",
      "host_confidence": {
        "Human": 1.0
      },
      "host_entropy": -1.000088900581841e-12
    },
    "KF600623": {
      "country": "Saudi Arabia",
      "country_confidence": {
        "Saudi Arabia": 1.0
      },
      "country_entropy": -1.000088900581841e-12,
      "host": "Human",
      "host_confidence": {
        "Human": 1.0
      },
      "host_entropy": -1.000088900581841e-12
    },
    "KF600626": {
      "country": "Saudi Arabia",
      "country_confidence": {
        "Saudi Arabia": 1.0
      },
      "country_entropy": -1.000088900581841e-12,
      "host": "Human",
      "host_confidence": {
        "Human": 1.0
      },
      "host_entropy": -1.000088900581841e-12
    },
    "KF600627": {
      "country": "Saudi Arabia",
      "country_confidence": {
        "Saudi Arabia": 1.0
      },
      "country_entropy": -1.000088900581841e-12,
      "host": "Human",
      "host_confidence": {
        "Human": 1.0
      },
      "host_entropy": -1.000088900581841e-12
    },
    "KF600628": {
      "country": "Saudi Arabia",
      "country_confidence": {
        "Saudi Arabia": 1.0
      },
      "country_entropy": -1.000088900581841e-12,
      "host": "Human",
      "host_confidence": {
        "Human": 1.0
      },
      "host_entropy": -1.000088900581841e-12
    },
    "KF600630": {
      "country": "Saudi Arabia",
      "country_confidence": {
        "Saudi Arabia": 0.9999999999999999
      },
      "country_entropy": -9.99866855976916e-13,
      "host": "Human",
      "host_confidence": {
        "Human": 0.9999999999999999
      },
      "host_entropy": -9.99866855976916e-13
    },
    "KF600631": {
      "country": "Saudi Arabia",
      "country_confidence": {
        "Saudi Arabia": 1.0
      },
      "country_entropy": -1.000088900581841e-12,
      "host": "Human",
      "host_confidence": {
        "Human": 0.9999999999999999
      },
      "host_entropy": -9.99866855976916e-13
    },
    "KF600632": {
      "country": "Saudi Arabia",
      "country_confidence": {
        "Saudi Arabia": 1.0
      },
      "country_entropy": -1.000088900581841e-12,
      "host": "Human",
      "host_confidence": {
        "Human": 1.0
      },
      "host_entropy": -1.000088900581841e-12
    },
    "KF600634": {
      "country": "Saudi Arabia",
      "country_confidence": {
        "Saudi Arabia": 1.0
      },
      "country_entropy": -1.000088900581841e-12,
      "host": "Human",
      "host_confidence": {
        "Human": 1.0
      },
      "host_entropy": -1.000088900581841e-12
    },
    "KF600636": {
      "country": "Saudi Arabia",
      "country_confidence": {
        "Saudi Arabia": 1.0
      },
      "country_entropy": -1.000088900581841e-12,
      "host": "Human",
      "host_confidence": {
        "Human": 1.0
      },
      "host_entropy": -1.000088900581841e-12
    },
    "KF600638": {
      "country": "Saudi Arabia",
      "country_confidence": {
        "Saudi Arabia": 1.0
      },
      "country_entropy": -1.000088900581841e-12,
      "host": "Human",
      "host_confidence": {
        "Human": 0.9999999999999999
      },
      "host_entropy": -9.99866855976916e-13
    },
    "KF600642": {
      "country": "Saudi Arabia",
      "country_confidence": {
        "Saudi Arabia": 0.9999999999999999
      },
      "country_entropy": -9.99866855976916e-13,
      "host": "Human",
      "host_confidence": {
        "Human": 1.0
      },
      "host_entropy": -1.000088900581841e-12
    },
    "KF600643": {
      "country": "Saudi Arabia",
      "country_confidence": {
        "Saudi Arabia": 1.0
      },
      "country_entropy": -1.000088900581841e-12,
      "host": "Human",
      "host_confidence": {
        "Human": 0.9999999999999999
      },
      "host_entropy": -9.99866855976916e-13
    },
    "KF600644": {
      "country": "Saudi Arabia",
      "country_confidence": {
        "Saudi Arabia": 1.0
      },
      "country_entropy": -1.000088900581841e-12,
      "host": "Human",
      "host_confidence": {
        "Human": 1.0
      },
      "host_entropy": -1.000088900581841e-12
    },
    "KF600645": {
      "country": "Saudi Arabia",
      "country_confidence": {
        "Saudi Arabia": 1.0
      },
      "country_entropy": -1.000088900581841e-12,
      "host": "Human",
      "host_confidence": {
        "Human": 1.0
      },
      "host_entropy": -1.000088900581841e-12
    },
    "KF600646": {
      "country": "Saudi Arabia",
      "country_confidence": {
        "Saudi Arabia": 0.9999999999999999
      },
      "country_entropy": -9.99866855976916e-13,
      "host": "Human",
      "host_confidence": {
        "Human": 1.0
      },
      "host_entropy": -1.000088900581841e-12
    },
    "KF600647": {
      "country": "Saudi Arabia",
      "country_confidence": {
        "Saudi Arabia": 1.0
      },
      "country_entropy": -1.000088900581841e-12,
      "host": "Human",
      "host_confidence": {
        "Human": 1.0
      },
      "host_entropy": -1.000088900581841e-12
    },
    "KF600648": {
      "country": "Saudi Arabia",
      "country_confidence": {
        "Saudi Arabia": 1.0
      },
      "country_entropy": -1.000088900581841e-12,
      "host": "Human",
      "host_confidence": {
        "Human": 0.9999999999999999
      },
      "host_entropy": -9.99866855976916e-13
    },
    "KF600651": {
      "country": "Saudi Arabia",
      "country_confidence": {
        "Saudi Arabia": 1.0
      },
      "country_entropy": -1.000088900581841e-12,
      "host": "Human",
      "host_confidence": {
        "Human": 1.0
      },
      "host_entropy": -1.000088900581841e-12
    },
    "KF600652": {
      "country": "Saudi Arabia",
      "country_confidence": {
        "Saudi Arabia": 1.0
      },
      "country_entropy": -1.000088900581841e-12,
      "host": "Human",
      "host_confidence": {
        "Human": 1.0
      },
      "host_entropy": -1.000088900581841e-12
    },
    "KF600655": {
      "country": "Saudi Arabia",
      "country_confidence": {
        "Saudi Arabia": 1.0
      },
      "country_entropy": -1.000088900581841e-12,
      "host": "Human",
      "host_confidence": {
        "Human": 1.0
      },
      "host_entropy": -1.000088900581841e-12
    },
    "KF745068": {
      "country": "France",
      "country_confidence": {
        "France": 1.0
      },
      "country_entropy": -1.000088900581841e-12,
      "host": "Human",
      "host_confidence": {
        "Human": 1.0
      },
      "host_entropy": -1.000088900581841e-12
    },
    "KF811036": {
      "country": "Tunisia",
      "country_confidence": {
        "Tunisia": 1.0
      },
      "country_entropy": -1.000088900581841e-12,
      "host": "Human",
      "host_confidence": {
        "Human": 1.0
      },
      "host_entropy": -1.000088900581841e-12
    },
    "KF917527": {
      "country": "Saudi Arabia",
      "country_confidence": {
        "Saudi Arabia": 1.0
      },
      "country_entropy": -1.000088900581841e-12,
      "host": "Camel",
      "host_confidence": {
        "Camel": 0.9999999999999999
      },
      "host_entropy": -9.99866855976916e-13
    },
    "KF958702": {
      "country": "Saudi Arabia",
      "country_confidence": {
        "Saudi Arabia": 1.0
      },
      "country_entropy": -1.000088900581841e-12,
      "host": "Human",
      "host_confidence": {
        "Human": 1.0
      },
      "host_entropy": -1.000088900581841e-12
    },
    "KF961221": {
      "country": "Qatar",
      "country_confidence": {
        "Qatar": 1.0
      },
      "country_entropy": -1.000088900581841e-12,
      "host": "Human",
      "host_confidence": {
        "Human": 1.0
      },
      "host_entropy": -1.000088900581841e-12
    },
    "KF961222": {
      "country": "Qatar",
      "country_confidence": {
        "Qatar": 1.0
      },
      "country_entropy": -1.000088900581841e-12,
      "host": "Human",
      "host_confidence": {
        "Human": 1.0
      },
      "host_entropy": -1.000088900581841e-12
    },
    "KJ156860": {
      "country": "Saudi Arabia",
      "country_confidence": {
        "Saudi Arabia": 1.0
      },
      "country_entropy": -1.000088900581841e-12,
      "host": "Human",
      "host_confidence": {
        "Human": 1.0
      },
      "host_entropy": -1.000088900581841e-12
    },
    "KJ156865": {
      "country": "Saudi Arabia",
      "country_confidence": {
        "Saudi Arabia": 1.0
      },
      "country_entropy": -1.000088900581841e-12,
      "host": "Human",
      "host_confidence": {
        "Human": 1.0
      },
      "host_entropy": -1.000088900581841e-12
    },
    "KJ156866": {
      "country": "Saudi Arabia",
      "country_confidence": {
        "Saudi Arabia": 1.0
      },
      "country_entropy": -1.000088900581841e-12,
      "host": "Human",
      "host_confidence": {
        "Human": 0.9999999999999999
      },
      "host_entropy": -9.99866855976916e-13
    },
    "KJ156869": {
      "country": "Saudi Arabia",
      "country_confidence": {
        "Saudi Arabia": 0.9999999999999999
      },
      "country_entropy": -9.99866855976916e-13,
      "host": "Human",
      "host_confidence": {
        "Human": 1.0
      },
      "host_entropy": -1.000088900581841e-12
    },
    "KJ156872": {
      "country": "Saudi Arabia",
      "country_confidence": {
        "Saudi Arabia": 1.0
      },
      "country_entropy": -1.000088900581841e-12,
      "host": "Human",
      "host_confidence": {
        "Human": 1.0
      },
      "host_entropy": -1.000088900581841e-12
    },
    "KJ156873": {
      "country": "Saudi Arabia",
      "country_confidence": {
        "Saudi Arabia": 1.0
      },
      "country_entropy": -1.000088900581841e-12,
      "host": "Human",
      "host_confidence": {
        "Human": 1.0
      },
      "host_entropy": -1.000088900581841e-12
    },
    "KJ156874": {
      "country": "Saudi Arabia",
      "country_confidence": {
        "Saudi Arabia": 1.0
      },
      "country_entropy": -1.000088900581841e-12,
      "host": "Human",
      "host_confidence": {
        "Human": 1.0
      },
      "host_entropy": -1.000088900581841e-12
    },
    "KJ156876": {
      "country": "Saudi Arabia",
      "country_confidence": {
        "Saudi Arabia": 1.0
      },
      "country_entropy": -1.000088900581841e-12,
      "host": "Human",
      "host_confidence": {
        "Human": 1.0
      },
      "host_entropy": -1.000088900581841e-12
    },
    "KJ156881": {
      "country": "Saudi Arabia",
      "country_confidence": {
        "Saudi Arabia": 0.9999999999999999
      },
      "country_entropy": -9.99866855976916e-13,
      "host": "Human",
      "host_confidence": {
        "Human": 1.0
      },
      "host_entropy": -1.000088900581841e-12
    },
    "KJ156886": {
      "country": "Saudi Arabia",
      "country_confidence": {
        "Saudi Arabia": 0.9999999999999999
      },
      "country_entropy": -9.99866855976916e-13,
      "host": "Human",
      "host_confidence": {
        "Human": 1.0
      },
      "host_entropy": -1.000088900581841e-12
    },
    "KJ156888": {
      "country": "Saudi Arabia",
      "country_confidence": {
        "Saudi Arabia": 1.0
      },
      "country_entropy": -1.000088900581841e-12,
      "host": "Human",
      "host_confidence": {
        "Human": 1.0
      },
      "host_entropy": -1.000088900581841e-12
    },
    "KJ156891": {
      "country": "Saudi Arabia",
      "country_confidence": {
        "Saudi Arabia": 0.9999999999999999
      },
      "country_entropy": -9.99866855976916e-13,
      "host": "Human",
      "host_confidence": {
        "Human": 1.0
      },
      "host_entropy": -1.000088900581841e-12
    },
    "KJ156894": {
      "country": "Saudi Arabia",
      "country_confidence": {
        "Saudi Arabia": 1.0
      },
      "country_entropy": -1.000088900581841e-12,
      "host": "Human",
      "host_confidence": {
        "Human": 1.0
      },
      "host_entropy": -1.000088900581841e-12
    },
    "KJ156895": {
      "country": "Saudi Arabia",
      "country_confidence": {
        "Saudi Arabia": 1.0
      },
      "country_entropy": -1.000088900581841e-12,
      "host": "Human",
      "host_confidence": {
        "Human": 1.0
      },
      "host_entropy": -1.000088900581841e-12
    },
    "KJ156896": {
      "country": "Saudi Arabia",
      "country_confidence": {
        "Saudi Arabia": 1.0
      },
      "country_entropy": -1.000088900581841e-12,
      "host": "Human",
      "host_confidence": {
        "Human": 1.0
      },
      "host_entropy": -1.000088900581841e-12
    },
    "KJ156901": {
      "country": "Saudi Arabia",
      "country_confidence": {
        "Saudi Arabia": 0.9999999999999999
      },
      "country_entropy": -9.99866855976916e-13,
      "host": "Human",
      "host_confidence": {
        "Human": 0.9999999999999999
      },
      "host_entropy": -9.99866855976916e-13
    },
    "KJ156903": {
      "country": "Saudi Arabia",
      "country_confidence": {
        "Saudi Arabia": 1.0
      },
      "country_entropy": -1.000088900581841e-12,
      "host": "Human",
      "host_confidence": {
        "Human": 1.0
      },
      "host_entropy": -1.000088900581841e-12
    },
    "KJ156905": {
      "country": "Saudi Arabia",
      "country_confidence": {
        "Saudi Arabia": 1.0
      },
      "country_entropy": -1.000088900581841e-12,
      "host": "Human",
      "host_confidence": {
        "Human": 1.0
      },
      "host_entropy": -1.000088900581841e-12
    },
    "KJ156907": {
      "country": "Saudi Arabia",
      "country_confidence": {
        "Saudi Arabia": 1.0
      },
      "country_entropy": -1.000088900581841e-12,
      "host": "Human",
      "host_confidence": {
        "Human": 1.0
      },
      "host_entropy": -1.000088900581841e-12
    },
    "KJ156908": {
      "country": "Saudi Arabia",
      "country_confidence": {
        "Saudi Arabia": 1.0
      },
      "country_entropy": -1.000088900581841e-12,
      "host": "Human",
      "host_confidence": {
        "Human": 1.0
      },
      "host_entropy": -1.000088900581841e-12
    },
    "KJ156910": {
      "country": "Saudi Arabia",
      "country_confidence": {
        "Saudi Arabia": 0.9999999999999999
      },
      "country_entropy": -9.99866855976916e-13,
      "host": "Human",
      "host_confidence": {
        "Human": 1.0
      },
      "host_entropy": -1.000088900581841e-12
    },
    "KJ156911": {
      "country": "Saudi Arabia",
      "country_confidence": {
        "Saudi Arabia": 0.9999999999999999
      },
      "country_entropy": -9.99866855976916e-13,
      "host": "Human",
      "host_confidence": {
        "Human": 1.0
      },
      "host_entropy": -1.000088900581841e-12
    },
    "KJ156914": {
      "country": "Saudi Arabia",
      "country_confidence": {
        "Saudi Arabia": 1.0
      },
      "country_entropy": -1.000088900581841e-12,
      "host": "Human",
      "host_confidence": {
        "Human": 1.0
      },
      "host_entropy": -1.000088900581841e-12
    },
    "KJ156916": {
      "country": "Saudi Arabia",
      "country_confidence": {
        "Saudi Arabia": 1.0
      },
      "country_entropy": -1.000088900581841e-12,
      "host": "Human",
      "host_confidence": {
        "Human": 1.0
      },
      "host_entropy": -1.000088900581841e-12
    },
    "KJ156918": {
      "country": "Saudi Arabia",
      "country_confidence": {
        "Saudi Arabia": 0.9999999999999999
      },
      "country_entropy": -9.99866855976916e-13,
      "host": "Human",
      "host_confidence": {
        "Human": 1.0
      },
      "host_entropy": -1.000088900581841e-12
    },
    "KJ156920": {
      "country": "Saudi Arabia",
      "country_confidence": {
        "Saudi Arabia": 1.0
      },
      "country_entropy": -1.000088900581841e-12,
      "host": "Human",
      "host_confidence": {
        "Human": 1.0
      },
      "host_entropy": -1.000088900581841e-12
    },
    "KJ156922": {
      "country": "Saudi Arabia",
      "country_confidence": {
        "Saudi Arabia": 0.9999999999999999
      },
      "country_entropy": -9.99866855976916e-13,
      "host": "Human",
      "host_confidence": {
        "Human": 1.0
      },
      "host_entropy": -1.000088900581841e-12
    },
    "KJ156926": {
      "country": "Saudi Arabia",
      "country_confidence": {
        "Saudi Arabia": 1.0
      },
      "country_entropy": -1.000088900581841e-12,
      "host": "Human",
      "host_confidence": {
        "Human": 0.9999999999999999
      },
      "host_entropy": -9.99866855976916e-13
    },
    "KJ156927": {
      "country": "Saudi Arabia",
      "country_confidence": {
        "Saudi Arabia": 1.0
      },
      "country_entropy": -1.000088900581841e-12,
      "host": "Human",
      "host_confidence": {
        "Human": 1.0
      },
      "host_entropy": -1.000088900581841e-12
    },
    "KJ156929": {
      "country": "Saudi Arabia",
      "country_confidence": {
        "Saudi Arabia": 1.0
      },
      "country_entropy": -1.000088900581841e-12,
      "host": "Human",
      "host_confidence": {
        "Human": 1.0
      },
      "host_entropy": -1.000088900581841e-12
    },
    "KJ156930": {
      "country": "Saudi Arabia",
      "country_confidence": {
        "Saudi Arabia": 1.0
      },
      "country_entropy": -1.000088900581841e-12,
      "host": "Human",
      "host_confidence": {
        "Human": 1.0
      },
      "host_entropy": -1.000088900581841e-12
    },
    "KJ156931": {
      "country": "Saudi Arabia",
      "country_confidence": {
        "Saudi Arabia": 0.9999999999999999
      },
      "country_entropy": -9.99866855976916e-13,
      "host": "Human",
      "host_confidence": {
        "Human": 1.0
      },
      "host_entropy": -1.000088900581841e-12
    },
    "KJ156934": {
      "country": "Saudi Arabia",
      "country_confidence": {
        "Saudi Arabia": 1.0
      },
      "country_entropy": -1.000088900581841e-12,
      "host": "Human",
      "host_confidence": {
        "Human": 1.0
      },
      "host_entropy": -1.000088900581841e-12
    },
    "KJ156935": {
      "country": "Saudi Arabia",
      "country_confidence": {
        "Saudi Arabia": 1.0
      },
      "country_entropy": -1.000088900581841e-12,
      "host": "Human",
      "host_confidence": {
        "Human": 1.0
      },
      "host_entropy": -1.000088900581841e-12
    },
    "KJ156936": {
      "country": "Saudi Arabia",
      "country_confidence": {
        "Saudi Arabia": 0.9999999999999999
      },
      "country_entropy": -9.99866855976916e-13,
      "host": "Human",
      "host_confidence": {
        "Human": 1.0
      },
      "host_entropy": -1.000088900581841e-12
    },
    "KJ156937": {
      "country": "Saudi Arabia",
      "country_confidence": {
        "Saudi Arabia": 1.0
      },
      "country_entropy": -1.000088900581841e-12,
      "host": "Human",
      "host_confidence": {
        "Human": 1.0
      },
      "host_entropy": -1.000088900581841e-12
    },
    "KJ156939": {
      "country": "Saudi Arabia",
      "country_confidence": {
        "Saudi Arabia": 0.9999999999999999
      },
      "country_entropy": -9.99866855976916e-13,
      "host": "Human",
      "host_confidence": {
        "Human": 1.0
      },
      "host_entropy": -1.000088900581841e-12
    },
    "KJ156940": {
      "country": "Saudi Arabia",
      "country_confidence": {
        "Saudi Arabia": 1.0
      },
      "country_entropy": -1.000088900581841e-12,
      "host": "Human",
      "host_confidence": {
        "Human": 0.9999999999999999
      },
      "host_entropy": -9.99866855976916e-13
    },
    "KJ156941": {
      "country": "Saudi Arabia",
      "country_confidence": {
        "Saudi Arabia": 0.9999999999999999
      },
      "country_entropy": -9.99866855976916e-13,
      "host": "Human",
      "host_confidence": {
        "Human": 1.0
      },
      "host_entropy": -1.000088900581841e-12
    },
    "KJ156942": {
      "country": "Saudi Arabia",
      "country_confidence": {
        "Saudi Arabia": 1.0
      },
      "country_entropy": -1.000088900581841e-12,
      "host": "Human",
      "host_confidence": {
        "Human": 1.0
      },
      "host_entropy": -1.000088900581841e-12
    },
    "KJ156943": {
      "country": "Saudi Arabia",
      "country_confidence": {
        "Saudi Arabia": 1.0
      },
      "country_entropy": -1.000088900581841e-12,
      "host": "Human",
      "host_confidence": {
        "Human": 1.0
      },
      "host_entropy": -1.000088900581841e-12
    },
    "KJ156944": {
      "country": "Saudi Arabia",
      "country_confidence": {
        "Saudi Arabia": 1.0
      },
      "country_entropy": -1.000088900581841e-12,
      "host": "Human",
      "host_confidence": {
        "Human": 1.0
      },
      "host_entropy": -1.000088900581841e-12
    },
    "KJ156945": {
      "country": "Saudi Arabia",
      "country_confidence": {
        "Saudi Arabia": 1.0
      },
      "country_entropy": -1.000088900581841e-12,
      "host": "Human",
      "host_confidence": {
        "Human": 1.0
      },
      "host_entropy": -1.000088900581841e-12
    },
    "KJ156946": {
      "country": "Saudi Arabia",
