{
  "generated_by": {
    "program": "augur",
    "version": "24.4.0"
  },
  "models": {
    "country": {
      "alphabet": [
        "",
        "Burkina Faso",
        "China",
        "Egypt",
        "Ethiopia",
        "France",
        "Greece",
        "Jordan",
        "Kenya",
        "Morocco",
        "Nigeria",
        "Oman",
        "Qatar",
        "Saudi Arabia",
        "South Korea",
        "Thailand",
        "Tunisia",
        "USA",
        "United Arab Emirates",
        "United Kingdom",
        "?"
      ],
      "equilibrium_probabilities": [
        0.05568463906465266,
        0.0600729285078047,
        0.0524438702140384,
        0.05684099655676659,
        0.05656198772440373,
        0.053126655027737474,
        0.05947825285806604,
        0.0337270352611126,
        0.06446838323017753,
        0.060183098983414146,
        0.060623213124966394,
        0.052285344451861594,
        0.04313705570991194,
        0.042449853341076864,
        0.03370806114784807,
        0.05638185526834531,
        0.05042004116405295,
        0.04958775551426696,
        0.015701468576462152,
        0.043117504273033874
      ],
      "rate": 30.788851797606927,
      "transition_matrix": [
        [
          0.0,
          0.9334696065696061,
          0.9334706895740744,
          0.9624171068453,
          0.9620106725904293,
          0.9334092398604058,
          0.933514626394346,
          1.4054700730344631,
          2.800102785596305,
          0.9335106668539486,
          0.9330465717471375,
          0.9336609013804608,
          0.9335820834484659,
          1.6146424765181588,
          1.1811085433695225,
          0.9335550488221915,
          0.9335949660453776,
          1.4021419755606612,
          1.0312528967537602,
          0.9335076771310559
        ],
        [
          0.9334696065696061,
          0.0,
          0.9335100756755457,
          1.4017276478348055,
          0.9351454683357358,
          0.9334518694033919,
          0.9336380762869834,
          0.9319650845343754,
          0.9327516837588997,
          1.403425017421472,
          1.4067237882908823,
          0.9336163117334265,
          0.9335447436478717,
          0.9062989592509226,
          0.9317280158881013,
          0.9336488412646102,
          0.9336697837011237,
          0.9336251470774017,
          0.9244762916018342,
          0.933498112779496
        ],
        [
          0.9334706895740744,
          0.9335100756755457,
          0.0,
          0.9335232216087609,
          0.9324061476102594,
          0.9335267575896715,
          0.9336830712395598,
          0.9322397683207854,
          0.932903408613135,
          0.9336831797844567,
          0.9332469821726634,
          0.9336649816789143,
          0.9335970223379572,
          1.3645853765537153,
          1.3990482787770298,
          0.9336909278622202,
          0.9337079159107694,
          0.9336868016095566,
          0.9252405961966171,
          0.9335568936915979
        ],
        [
          0.9624171068453,
          1.4017276478348055,
          0.9335232216087609,
          0.0,
          1.8694544010483016,
          0.933475918607398,
          0.9335591700028338,
          0.9327657755136536,
          0.9332006883141659,
          0.9407969843122114,
          0.9419371183612578,
          0.9338575688102313,
          0.9337393372789806,
          1.0758539144692452,
          0.9321561698797441,
          0.9336349439623813,
          0.9336744800436029,
          0.9337160590268002,
          1.0339416099915328,
          0.9336354086572527
        ],
        [
          0.9620106725904293,
          0.9351454683357358,
          0.9324061476102594,
          1.8694544010483016,
          0.0,
          0.9323456414702592,
          0.9322917192658764,
          0.9320571894174734,
          2.921380736224245,
          0.9323066203414071,
          0.931834194542811,
          0.932743014254172,
          0.932819845279505,
          1.075677050165795,
          0.9314506426220258,
          0.9324331090674578,
          0.9325993640049142,
          0.932660734304877,
          1.034064602818212,
          0.9327167330151007
        ],
        [
          0.9334092398604058,
          0.9334518694033919,
          0.9335267575896715,
          0.933475918607398,
          0.9323456414702592,
          0.0,
          0.9336281460857162,
          0.9322488891135927,
          0.932833901487666,
          0.9336274871611744,
          0.9331852022622548,
          0.9336693306536397,
          0.9335919187860762,
          1.1432066461897528,
          0.9319987279281179,
          0.9336474151628934,
          0.9336687590322629,
          0.9336449668035574,
          1.175032363850134,
          0.9335359321390336
        ],
        [
          0.933514626394346,
          0.9336380762869834,
          0.9336830712395598,
          0.9335591700028338,
          0.9322917192658764,
          0.9336281460857162,
          0.0,
          1.3986987444038788,
          0.9329634191372257,
          0.9338355501260869,
          0.933342010571071,
          0.9337865080581995,
          0.9336860926223126,
          0.9073915403772319,
          0.9318556779596056,
          0.9338332260388252,
          0.9338347038231293,
          0.9338080691922829,
          0.9240984938258708,
          0.9336403278428083
        ],
        [
          1.4054700730344631,
          0.9319650845343754,
          0.9322397683207854,
          0.9327657755136536,
          0.9320571894174734,
          0.9322488891135927,
          1.3986987444038788,
          0.0,
          0.9314632660961899,
          0.932068152874066,
          0.931776254848326,
          0.9323440373220077,
          0.9325622951092072,
          4.050181559687116,
          0.9319926332723164,
          0.9321827529930897,
          0.9323819591457385,
          1.1708760890441055,
          1.5911885504209087,
          0.9325311951406862
        ],
        [
          2.800102785596305,
          0.9327516837588997,
          0.932903408613135,
          0.9332006883141659,
          2.921380736224245,
          0.932833901487666,
          0.9329634191372257,
          0.9314632660961899,
          0.0,
          0.9329558071167349,
          0.9324154823366374,
          0.9330180846725818,
          0.9330423213899991,
          0.9037459150810505,
          0.9312864440726502,
          0.9330087677863251,
          0.933097011623434,
          0.9330613841178841,
          0.9235755128714908,
          0.9329929348826268
        ],
        [
          0.9335106668539486,
          1.403425017421472,
          0.9336831797844567,
          0.9407969843122114,
          0.9323066203414071,
          0.9336274871611744,
          0.9338355501260869,
          0.932068152874066,
          0.9329558071167349,
          0.0,
          0.9364277859086112,
          0.9337876823447125,
          0.9336855562553326,
          0.9056149020052386,
          0.9318326094153409,
          0.9338355058704549,
          0.9338365273375693,
          0.9337884520589781,
          0.9239804518378751,
          0.9336392390748558
        ],
        [
          0.9330465717471375,
          1.4067237882908823,
          0.9332469821726634,
          0.9419371183612578,
          0.931834194542811,
          0.9331852022622548,
          0.933342010571071,
          0.931776254848326,
          0.9324154823366374,
          0.9364277859086112,
          0.0,
          0.9333533805911686,
          0.9333265125135024,
          0.9050841900745304,
          0.9315393036909883,
          0.9333676374245122,
          0.9334180906392917,
          0.9333765553198302,
          0.9237819570697808,
          0.9332800532062506
        ],
        [
          0.9336609013804608,
          0.9336163117334265,
          0.9336649816789143,
          0.9338575688102313,
          0.932743014254172,
          0.9336693306536397,
          0.9337865080581995,
          0.9323440373220077,
          0.9330180846725818,
          0.9337876823447125,
          0.9333533805911686,
          0.0,
          0.9336945890139171,
          1.04666878550306,
          0.9321002134268077,
          0.9337939016558237,
          0.933799530333377,
          0.933771819051835,
          3.1328188484122528,
          0.9336451344542102
        ],
        [
          0.9335820834484659,
          0.9335447436478717,
          0.9335970223379572,
          0.9337393372789806,
          0.932819845279505,
          0.9335919187860762,
          0.9336860926223126,
          0.9325622951092072,
          0.9330423213899991,
          0.9336855562553326,
          0.9333265125135024,
          0.9336945890139171,
          0.0,
          2.1207396517340973,
          0.9323682615711543,
          0.9336943033916514,
          0.9337110609379141,
          0.9337202742598673,
          1.5624100445011089,
          0.934972147620808
        ],
        [
          1.6146424765181588,
          0.9062989592509226,
          1.3645853765537153,
          1.0758539144692452,
          1.075677050165795,
          1.1432066461897528,
          0.9073915403772319,
          4.050181559687116,
          0.9037459150810505,
          0.9056149020052386,
          0.9050841900745304,
          1.04666878550306,
          2.1207396517340973,
          0.0,
          4.10404924488055,
          0.9073863438199063,
          1.3650985321355533,
          1.6835384621339218,
          12.953787694360171,
          2.1195218404789915
        ],
        [
          1.1811085433695225,
          0.9317280158881013,
          1.3990482787770298,
          0.9321561698797441,
          0.9314506426220258,
          0.9319987279281179,
          0.9318556779596056,
          0.9319926332723164,
          0.9312864440726502,
          0.9318326094153409,
          0.9315393036909883,
          0.9321002134268077,
          0.9323682615711543,
          4.10404924488055,
          0.0,
          0.9319583215925381,
          0.9321769070012533,
          0.9323044608890945,
          0.9282161656273722,
          0.9323436604894904
        ],
        [
          0.9335550488221915,
          0.9336488412646102,
          0.9336909278622202,
          0.9336349439623813,
          0.9324331090674578,
          0.9336474151628934,
          0.9338332260388252,
          0.9321827529930897,
          0.9330087677863251,
          0.9338355058704549,
          0.9333676374245122,
          0.9337939016558237,
          0.9336943033916514,
          0.9073863438199063,
          0.9319583215925381,
          0.0,
          0.9338347158614878,
          0.9337899271102286,
          1.386887289812883,
          0.9336507189867047
        ],
        [
          0.9335949660453776,
          0.9336697837011237,
          0.9337079159107694,
          0.9336744800436029,
          0.9325993640049142,
          0.9336687590322629,
          0.9338347038231293,
          0.9323819591457385,
          0.933097011623434,
          0.9338365273375693,
          0.9334180906392917,
          0.933799530333377,
          0.9337110609379141,
          1.3650985321355533,
          0.9321769070012533,
          0.9338347158614878,
          0.0,
          0.9338134503226735,
          0.9256227910634581,
          0.9336724273742487
        ],
        [
          1.4021419755606612,
          0.9336251470774017,
          0.9336868016095566,
          0.9337160590268002,
          0.932660734304877,
          0.9336449668035574,
          0.9338080691922829,
          1.1708760890441055,
          0.9330613841178841,
          0.9337884520589781,
          0.9333765553198302,
          0.933771819051835,
          0.9337202742598673,
          1.6835384621339218,
          0.9323044608890945,
          0.9337899271102286,
          0.9338134503226735,
          0.0,
          0.9260745250560711,
          0.933682239406606
        ],
        [
          1.0312528967537602,
          0.9244762916018342,
          0.9252405961966171,
          1.0339416099915328,
          1.034064602818212,
          1.175032363850134,
          0.9240984938258708,
          1.5911885504209087,
          0.9235755128714908,
          0.9239804518378751,
          0.9237819570697808,
          3.1328188484122528,
          1.5624100445011089,
          12.953787694360171,
          0.9282161656273722,
          1.386887289812883,
          0.9256227910634581,
          0.9260745250560711,
          0.0,
          1.0992276984821983
        ],
        [
          0.9335076771310559,
          0.933498112779496,
          0.9335568936915979,
          0.9336354086572527,
          0.9327167330151007,
          0.9335359321390336,
          0.9336403278428083,
          0.9325311951406862,
          0.9329929348826268,
          0.9336392390748558,
          0.9332800532062506,
          0.9336451344542102,
          0.934972147620808,
          2.1195218404789915,
          0.9323436604894904,
          0.9336507189867047,
          0.9336724273742487,
          0.933682239406606,
          1.0992276984821983,
          0.0
        ]
      ]
    }
  },
  "nodes": {
    "JX869059": {
      "country": "",
      "country_confidence": {
        "": 1.0
      },
      "country_entropy": -1.000088900581841e-12
    },
    "KC164505": {
      "country": "United Kingdom",
      "country_confidence": {
        "United Kingdom": 0.9999999999999999
      },
      "country_entropy": -9.99866855976916e-13
    },
    "KC667074": {
      "country": "United Kingdom",
      "country_confidence": {
        "United Kingdom": 0.9999999999999999
      },
      "country_entropy": -9.99866855976916e-13
    },
    "KC776174": {
      "country": "Jordan",
      "country_confidence": {
        "Jordan": 1.0
      },
      "country_entropy": -1.000088900581841e-12
    },
    "KC875821": {
      "country": "Qatar",
      "country_confidence": {
        "Qatar": 1.0
      },
      "country_entropy": -1.000088900581841e-12
    },
    "KF186564": {
      "country": "Saudi Arabia",
      "country_confidence": {
        "Saudi Arabia": 1.0
      },
      "country_entropy": -1.000088900581841e-12
    },
    "KF186565": {
      "country": "Saudi Arabia",
      "country_confidence": {
        "Saudi Arabia": 1.0
      },
      "country_entropy": -1.000088900581841e-12
    },
    "KF186566": {
      "country": "Saudi Arabia",
      "country_confidence": {
        "Saudi Arabia": 0.9999999999999999
      },
      "country_entropy": -9.99866855976916e-13
    },
    "KF186567": {
      "country": "Saudi Arabia",
      "country_confidence": {
        "Saudi Arabia": 1.0
      },
      "country_entropy": -1.000088900581841e-12
    },
    "KF192507": {
      "country": "United Arab Emirates",
      "country_confidence": {
        "United Arab Emirates": 1.0
      },
      "country_entropy": -1.000088900581841e-12
    },
    "KF600612": {
      "country": "Saudi Arabia",
      "country_confidence": {
        "Saudi Arabia": 0.9999999999999999
      },
      "country_entropy": -9.99866855976916e-13
    },
    "KF600613": {
      "country": "Saudi Arabia",
      "country_confidence": {
        "Saudi Arabia": 1.0
      },
      "country_entropy": -1.000088900581841e-12
    },
    "KF600615": {
      "country": "Saudi Arabia",
      "country_confidence": {
        "Saudi Arabia": 0.9999999999999999
      },
      "country_entropy": -9.99866855976916e-13
    },
    "KF600616": {
      "country": "Saudi Arabia",
      "country_confidence": {
        "Saudi Arabia": 1.0
      },
      "country_entropy": -1.000088900581841e-12
    },
    "KF600620": {
      "country": "Saudi Arabia",
      "country_confidence": {
        "Saudi Arabia": 0.9999999999999999
      },
      "country_entropy": -9.99866855976916e-13
    },
    "KF600622": {
      "country": "Saudi Arabia",
      "country_confidence": {
        "Saudi Arabia": 1.0
      },
      "country_entropy": -1.000088900581841e-12
    },
    "KF600623": {
      "country": "Saudi Arabia",
      "country_confidence": {
        "Saudi Arabia": 0.9999999999999999
      },
      "country_entropy": -9.99866855976916e-13
    },
    "KF600626": {
      "country": "Saudi Arabia",
      "country_confidence": {
        "Saudi Arabia": 1.0
      },
      "country_entropy": -1.000088900581841e-12
    },
    "KF600627": {
      "country": "Saudi Arabia",
      "country_confidence": {
        "Saudi Arabia": 1.0
      },
      "country_entropy": -1.000088900581841e-12
    },
    "KF600628": {
      "country": "Saudi Arabia",
      "country_confidence": {
        "Saudi Arabia": 0.9999999999999999
      },
      "country_entropy": -9.99866855976916e-13
    },
    "KF600630": {
      "country": "Saudi Arabia",
      "country_confidence": {
        "Saudi Arabia": 1.0
      },
      "country_entropy": -1.000088900581841e-12
    },
    "KF600631": {
      "country": "Saudi Arabia",
      "country_confidence": {
        "Saudi Arabia": 1.0
      },
      "country_entropy": -1.000088900581841e-12
    },
    "KF600632": {
      "country": "Saudi Arabia",
      "country_confidence": {
        "Saudi Arabia": 1.0
      },
      "country_entropy": -1.000088900581841e-12
    },
    "KF600634": {
      "country": "Saudi Arabia",
      "country_confidence": {
        "Saudi Arabia": 0.9999999999999999
      },
      "country_entropy": -9.99866855976916e-13
    },
    "KF600636": {
      "country": "Saudi Arabia",
      "country_confidence": {
        "Saudi Arabia": 1.0
      },
      "country_entropy": -1.000088900581841e-12
    },
    "KF600638": {
      "country": "Saudi Arabia",
      "country_confidence": {
        "Saudi Arabia": 1.0
      },
      "country_entropy": -1.000088900581841e-12
    },
    "KF600642": {
      "country": "Saudi Arabia",
      "country_confidence": {
        "Saudi Arabia": 1.0
      },
      "country_entropy": -1.000088900581841e-12
    },
    "KF600643": {
      "country": "Saudi Arabia",
      "country_confidence": {
        "Saudi Arabia": 1.0
      },
      "country_entropy": -1.000088900581841e-12
    },
    "KF600644": {
      "country": "Saudi Arabia",
      "country_confidence": {
        "Saudi Arabia": 1.0
      },
      "country_entropy": -1.000088900581841e-12
    },
    "KF600645": {
      "country": "Saudi Arabia",
      "country_confidence": {
        "Saudi Arabia": 1.0
      },
      "country_entropy": -1.000088900581841e-12
    },
    "KF600646": {
      "country": "Saudi Arabia",
      "country_confidence": {
        "Saudi Arabia": 1.0
      },
      "country_entropy": -1.000088900581841e-12
    },
    "KF600647": {
      "country": "Saudi Arabia",
      "country_confidence": {
        "Saudi Arabia": 1.0
      },
      "country_entropy": -1.000088900581841e-12
    },
    "KF600648": {
      "country": "Saudi Arabia",
      "country_confidence": {
        "Saudi Arabia": 1.0
      },
      "country_entropy": -1.000088900581841e-12
    },
    "KF600651": {
      "country": "Saudi Arabia",
      "country_confidence": {
        "Saudi Arabia": 1.0
      },
      "country_entropy": -1.000088900581841e-12
    },
    "KF600652": {
      "country": "Saudi Arabia",
      "country_confidence": {
        "Saudi Arabia": 1.0
      },
      "country_entropy": -1.000088900581841e-12
    },
    "KF600655": {
      "country": "Saudi Arabia",
      "country_confidence": {
        "Saudi Arabia": 0.9999999999999999
      },
      "country_entropy": -9.99866855976916e-13
    },
    "KF745068": {
      "country": "France",
      "country_confidence": {
        "France": 0.9999999999999999
      },
      "country_entropy": -9.99866855976916e-13
    },
    "KF811036": {
      "country": "Tunisia",
      "country_confidence": {
        "Tunisia": 1.0
      },
      "country_entropy": -1.000088900581841e-12
    },
    "KF917527": {
      "country": "Saudi Arabia",
      "country_confidence": {
        "Saudi Arabia": 1.0
      },
      "country_entropy": -1.000088900581841e-12
    },
    "KF958702": {
      "country": "Saudi Arabia",
      "country_confidence": {
        "Saudi Arabia": 1.0
      },
      "country_entropy": -1.000088900581841e-12
    },
    "KF961221": {
      "country": "Qatar",
      "country_confidence": {
        "Qatar": 1.0
      },
      "country_entropy": -1.000088900581841e-12
    },
    "KF961222": {
      "country": "Qatar",
      "country_confidence": {
        "Qatar": 1.0
      },
      "country_entropy": -1.000088900581841e-12
    },
    "KJ156860": {
      "country": "Saudi Arabia",
      "country_confidence": {
        "Saudi Arabia": 1.0
      },
      "country_entropy": -1.000088900581841e-12
    },
    "KJ156865": {
      "country": "Saudi Arabia",
      "country_confidence": {
        "Saudi Arabia": 1.0
      },
      "country_entropy": -1.000088900581841e-12
    },
    "KJ156866": {
      "country": "Saudi Arabia",
      "country_confidence": {
        "Saudi Arabia": 1.0
      },
      "country_entropy": -1.000088900581841e-12
    },
    "KJ156869": {
      "country": "Saudi Arabia",
      "country_confidence": {
        "Saudi Arabia": 1.0
      },
      "country_entropy": -1.000088900581841e-12
    },
    "KJ156872": {
      "country": "Saudi Arabia",
      "country_confidence": {
        "Saudi Arabia": 1.0
      },
      "country_entropy": -1.000088900581841e-12
    },
    "KJ156873": {
      "country": "Saudi Arabia",
      "country_confidence": {
        "Saudi Arabia": 0.9999999999999999
      },
      "country_entropy": -9.99866855976916e-13
    },
    "KJ156874": {
      "country": "Saudi Arabia",
      "country_confidence": {
        "Saudi Arabia": 0.9999999999999999
      },
      "country_entropy": -9.99866855976916e-13
    },
    "KJ156876": {
      "country": "Saudi Arabia",
      "country_confidence": {
        "Saudi Arabia": 0.9999999999999999
      },
      "country_entropy": -9.99866855976916e-13
    },
    "KJ156881": {
      "country": "Saudi Arabia",
      "country_confidence": {
        "Saudi Arabia": 1.0
      },
      "country_entropy": -1.000088900581841e-12
    },
    "KJ156886": {
      "country": "Saudi Arabia",
      "country_confidence": {
        "Saudi Arabia": 1.0
      },
      "country_entropy": -1.000088900581841e-12
    },
    "KJ156888": {
      "country": "Saudi Arabia",
      "country_confidence": {
        "Saudi Arabia": 0.9999999999999999
      },
      "country_entropy": -9.99866855976916e-13
    },
    "KJ156891": {
      "country": "Saudi Arabia",
      "country_confidence": {
        "Saudi Arabia": 0.9999999999999999
      },
      "country_entropy": -9.99866855976916e-13
    },
    "KJ156894": {
      "country": "Saudi Arabia",
      "country_confidence": {
        "Saudi Arabia": 1.0
      },
      "country_entropy": -1.000088900581841e-12
    },
    "KJ156895": {
      "country": "Saudi Arabia",
      "country_confidence": {
        "Saudi Arabia": 1.0
      },
      "country_entropy": -1.000088900581841e-12
    },
    "KJ156896": {
      "country": "Saudi Arabia",
      "country_confidence": {
        "Saudi Arabia": 1.0
      },
      "country_entropy": -1.000088900581841e-12
    },
    "KJ156901": {
      "country": "Saudi Arabia",
      "country_confidence": {
        "Saudi Arabia": 1.0
      },
      "country_entropy": -1.000088900581841e-12
    },
    "KJ156903": {
      "country": "Saudi Arabia",
      "country_confidence": {
        "Saudi Arabia": 0.9999999999999999
      },
      "country_entropy": -9.99866855976916e-13
    },
    "KJ156905": {
      "country": "Saudi Arabia",
      "country_confidence": {
        "Saudi Arabia": 0.9999999999999999
      },
      "country_entropy": -9.99866855976916e-13
    },
    "KJ156907": {
      "country": "Saudi Arabia",
      "country_confidence": {
        "Saudi Arabia": 1.0
      },
      "country_entropy": -1.000088900581841e-12
    },
    "KJ156908": {
      "country": "Saudi Arabia",
      "country_confidence": {
        "Saudi Arabia": 0.9999999999999999
      },
      "country_entropy": -9.99866855976916e-13
    },
    "KJ156910": {
      "country": "Saudi Arabia",
      "country_confidence": {
        "Saudi Arabia": 1.0
      },
      "country_entropy": -1.000088900581841e-12
    },
    "KJ156911": {
      "country": "Saudi Arabia",
      "country_confidence": {
        "Saudi Arabia": 1.0
      },
      "country_entropy": -1.000088900581841e-12
    },
    "KJ156914": {
      "country": "Saudi Arabia",
      "country_confidence": {
        "Saudi Arabia": 1.0
      },
      "country_entropy": -1.000088900581841e-12
    },
    "KJ156916": {
      "country": "Saudi Arabia",
      "country_confidence": {
        "Saudi Arabia": 1.0
      },
      "country_entropy": -1.000088900581841e-12
    },
    "KJ156918": {
      "country": "Saudi Arabia",
      "country_confidence": {
        "Saudi Arabia": 0.9999999999999999
      },
      "country_entropy": -9.99866855976916e-13
    },
    "KJ156920": {
      "country": "Saudi Arabia",
      "country_confidence": {
        "Saudi Arabia": 1.0
      },
      "country_entropy": -1.000088900581841e-12
    },
    "KJ156922": {
      "country": "Saudi Arabia",
      "country_confidence": {
        "Saudi Arabia": 0.9999999999999999
      },
      "country_entropy": -9.99866855976916e-13
    },
    "KJ156926": {
      "country": "Saudi Arabia",
      "country_confidence": {
        "Saudi Arabia": 1.0
      },
      "country_entropy": -1.000088900581841e-12
    },
    "KJ156927": {
      "country": "Saudi Arabia",
      "country_confidence": {
        "Saudi Arabia": 1.0
      },
      "country_entropy": -1.000088900581841e-12
    },
    "KJ156929": {
      "country": "Saudi Arabia",
      "country_confidence": {
        "Saudi Arabia": 0.9999999999999999
      },
      "country_entropy": -9.99866855976916e-13
    },
    "KJ156930": {
      "country": "Saudi Arabia",
      "country_confidence": {
        "Saudi Arabia": 1.0
      },
      "country_entropy": -1.000088900581841e-12
    },
    "KJ156931": {
      "country": "Saudi Arabia",
      "country_confidence": {
        "Saudi Arabia": 0.9999999999999999
      },
      "country_entropy": -9.99866855976916e-13
    },
    "KJ156934": {
      "country": "Saudi Arabia",
      "country_confidence": {
        "Saudi Arabia": 0.9999999999999999
      },
      "country_entropy": -9.99866855976916e-13
    },
    "KJ156935": {
      "country": "Saudi Arabia",
      "country_confidence": {
        "Saudi Arabia": 1.0
      },
      "country_entropy": -1.000088900581841e-12
    },
    "KJ156936": {
      "country": "Saudi Arabia",
      "country_confidence": {
        "Saudi Arabia": 1.0
      },
      "country_entropy": -1.000088900581841e-12
    },
    "KJ156937": {
      "country": "Saudi Arabia",
      "country_confidence": {
        "Saudi Arabia": 1.0
      },
      "country_entropy": -1.000088900581841e-12
    },
    "KJ156939": {
      "country": "Saudi Arabia",
      "country_confidence": {
        "Saudi Arabia": 1.0
      },
      "country_entropy": -1.000088900581841e-12
    },
    "KJ156940": {
      "country": "Saudi Arabia",
      "country_confidence": {
        "Saudi Arabia": 1.0
      },
      "country_entropy": -1.000088900581841e-12
    },
    "KJ156941": {
      "country": "Saudi Arabia",
      "country_confidence": {
        "Saudi Arabia": 1.0
      },
      "country_entropy": -1.000088900581841e-12
    },
    "KJ156942": {
      "country": "Saudi Arabia",
      "country_confidence": {
        "Saudi Arabia": 1.0
      },
      "country_entropy": -1.000088900581841e-12
    },
    "KJ156943": {
      "country": "Saudi Arabia",
      "country_confidence": {
        "Saudi Arabia": 1.0
      },
      "country_entropy": -1.000088900581841e-12
    },
    "KJ156944": {
      "country": "Saudi Arabia",
      "country_confidence": {
        "Saudi Arabia": 1.0
      },
      "country_entropy": -1.000088900581841e-12
    },
    "KJ156945": {
      "country": "Saudi Arabia",
      "country_confidence": {
        "Saudi Arabia": 0.9999999999999999
      },
      "country_entropy": -9.99866855976916e-13
    },
    "KJ156946": {
      "country": "Saudi Arabia",
      "country_confidence": {
        "Saudi Arabia": 1.0
      },
      "country_entropy": -1.000088900581841e-12
    },
    "KJ156947": {
      "country": "Saudi Arabia",
      "country_confidence": {
        "Saudi Arabia": 1.0
      },
      "country_entropy": -1.000088900581841e-12
    },
    "KJ156948": {
      "country": "Saudi Arabia",
      "country_confidence": {
        "Saudi Arabia": 1.0
      },
      "country_entropy": -1.000088900581841e-12
    },
    "KJ156949": {
      "country": "Saudi Arabia",
      "country_confidence": {
        "Saudi Arabia": 0.9999999999999999
      },
      "country_entropy": -9.99866855976916e-13
    },
    "KJ156951": {
      "country": "Saudi Arabia",
      "country_confidence": {
        "Saudi Arabia": 1.0
      },
      "country_entropy": -1.000088900581841e-12
    },
    "KJ156952": {
      "country": "Saudi Arabia",
      "country_confidence": {
        "Saudi Arabia": 1.0
      },
      "country_entropy": -1.000088900581841e-12
    },
    "KJ156954": {
      "country": "Saudi Arabia",
      "country_confidence": {
        "Saudi Arabia": 1.0
      },
      "country_entropy": -1.000088900581841e-12
    },
    "KJ361499": {
      "country": "France",
      "country_confidence": {
        "France": 1.0
      },
      "country_entropy": -1.000088900581841e-12
    },
    "KJ361500": {
      "country": "France",
      "country_confidence": {
        "France": 1.0
      },
      "country_entropy": -1.000088900581841e-12
    },
    "KJ361501": {
      "country": "France",
      "country_confidence": {
        "France": 1.0
      },
      "country_entropy": -1.000088900581841e-12
    },
    "KJ361502": {
      "country": "France",
      "country_confidence": {
        "France": 0.9999999999999999
      },
      "country_entropy": -9.99866855976916e-13
    },
    "KJ361503": {
      "country": "France",
      "country_confidence": {
        "France": 1.0
      },
      "country_entropy": -1.000088900581841e-12
    },
    "KJ477102": {
      "country": "Egypt",
      "country_confidence": {
        "Egypt": 1.0
      },
      "country_entropy": -1.000088900581841e-12
    },
    "KJ477103": {
      "country": "Egypt",
      "country_confidence": {
        "Egypt": 1.0
      },
      "country_entropy": -1.000088900581841e-12
    },
    "KJ556336": {
      "country": "Saudi Arabia",
      "country_confidence": {
        "Saudi Arabia": 1.0
      },
      "country_entropy": -1.000088900581841e-12
    },
    "KJ614529": {
      "country": "",
      "country_confidence": {
        "": 1.0
      },
      "country_entropy": -1.000088900581841e-12
    },
    "KJ650098": {
      "country": "Qatar",
      "country_confidence": {
        "Qatar": 1.0
      },
      "country_entropy": -1.000088900581841e-12
    },
    "KJ650295": {
      "country": "Saudi Arabia",
      "country_confidence": {
        "Saudi Arabia": 1.0
      },
      "country_entropy": -1.000088900581841e-12
    },
    "KJ650296": {
      "country": "Saudi Arabia",
      "country_confidence": {
        "Saudi Arabia": 1.0
      },
      "country_entropy": -1.000088900581841e-12
    },
    "KJ650297": {
      "country": "Saudi Arabia",
      "country_confidence": {
        "Saudi Arabia": 1.0
      },
      "country_entropy": -1.000088900581841e-12
    },
    "KJ713295": {
      "country": "Saudi Arabia",
      "country_confidence": {
        "Saudi Arabia": 1.0
      },
      "country_entropy": -1.000088900581841e-12
    },
    "KJ713296": {
      "country": "Saudi Arabia",
      "country_confidence": {
        "Saudi Arabia": 1.0
      },
      "country_entropy": -1.000088900581841e-12
    },
    "KJ713297": {
      "country": "Saudi Arabia",
      "country_confidence": {
        "Saudi Arabia": 1.0
      },
      "country_entropy": -1.000088900581841e-12
    },
    "KJ713298": {
      "country": "Saudi Arabia",
      "country_confidence": {
        "Saudi Arabia": 1.0
      },
      "country_entropy": -1.000088900581841e-12
    },
    "KJ713299": {
      "country": "Saudi Arabia",
      "country_confidence": {
        "Saudi Arabia": 1.0
      },
      "country_entropy": -1.000088900581841e-12
    },
    "KJ782549": {
      "country": "Greece",
      "country_confidence": {
        "Greece": 0.9999999999999999
      },
      "country_entropy": -9.99866855976916e-13
    },
    "KJ813439": {
      "country": "USA",
      "country_confidence": {
        "USA": 1.0
      },
      "country_entropy": -1.000088900581841e-12
    },
    "KJ829365": {
      "country": "USA",
      "country_confidence": {
        "USA": 1.0
      },
      "country_entropy": -1.000088900581841e-12
    },
    "KM015348": {
      "country": "United Kingdom",
      "country_confidence": {
        "United Kingdom": 1.0
      },
      "country_entropy": -1.000088900581841e-12
    },
    "KM027255": {
      "country": "Saudi Arabia",
      "country_confidence": {
        "Saudi Arabia": 1.0
      },
      "country_entropy": -1.000088900581841e-12
    },
    "KM027256": {
      "country": "Saudi Arabia",
      "country_confidence": {
        "Saudi Arabia": 1.0
      },
      "country_entropy": -1.000088900581841e-12
    },
    "KM027257": {
      "country": "Saudi Arabia",
      "country_confidence": {
        "Saudi Arabia": 1.0
      },
      "country_entropy": -1.000088900581841e-12
    },
    "KM027258": {
      "country": "Saudi Arabia",
      "country_confidence": {
        "Saudi Arabia": 1.0
      },
      "country_entropy": -1.000088900581841e-12
    },
    "KM027259": {
      "country": "Saudi Arabia",
      "country_confidence": {
        "Saudi Arabia": 1.0
      },
      "country_entropy": -1.000088900581841e-12
    },
    "KM027260": {
      "country": "Saudi Arabia",
      "country_confidence": {
        "Saudi Arabia": 0.9999999999999999
      },
      "country_entropy": -9.99866855976916e-13
    },
    "KM027261": {
      "country": "Saudi Arabia",
      "country_confidence": {
        "Saudi Arabia": 1.0
      },
      "country_entropy": -1.000088900581841e-12
    },
    "KM027262": {
      "country": "Saudi Arabia",
      "country_confidence": {
        "Saudi Arabia": 1.0
      },
      "country_entropy": -1.000088900581841e-12
    },
    "KM027263": {
      "country": "Saudi Arabia",
      "country_confidence": {
        "Saudi Arabia": 1.0
      },
      "country_entropy": -1.000088900581841e-12
    },
    "KM027264": {
      "country": "Saudi Arabia",
      "country_confidence": {
        "Saudi Arabia": 1.0
      },
      "country_entropy": -1.000088900581841e-12
    },
    "KM027265": {
      "country": "Saudi Arabia",
      "country_confidence": {
        "Saudi Arabia": 1.0
      },
      "country_entropy": -1.000088900581841e-12
    },
    "KM027266": {
      "country": "Saudi Arabia",
      "country_confidence": {
        "Saudi Arabia": 1.0
      },
      "country_entropy": -1.000088900581841e-12
    },
    "KM027267": {
      "country": "Saudi Arabia",
      "country_confidence": {
        "Saudi Arabia": 1.0
      },
      "country_entropy": -1.000088900581841e-12
    },
    "KM027268": {
      "country": "Saudi Arabia",
      "country_confidence": {
        "Saudi Arabia": 1.0
      },
      "country_entropy": -1.000088900581841e-12
    },
    "KM027269": {
      "country": "Saudi Arabia",
      "country_confidence": {
        "Saudi Arabia": 1.0
      },
      "country_entropy": -1.000088900581841e-12
    },
    "KM027270": {
      "country": "Saudi Arabia",
      "country_confidence": {
        "Saudi Arabia": 1.0
      },
      "country_entropy": -1.000088900581841e-12
    },
    "KM027271": {
      "country": "Saudi Arabia",
      "country_confidence": {
        "Saudi Arabia": 1.0
      },
      "country_entropy": -1.000088900581841e-12
    },
    "KM027272": {
      "country": "Saudi Arabia",
      "country_confidence": {
        "Saudi Arabia": 1.0
      },
      "country_entropy": -1.000088900581841e-12
    },
    "KM027273": {
      "country": "Saudi Arabia",
      "country_confidence": {
        "Saudi Arabia": 1.0
      },
      "country_entropy": -1.000088900581841e-12
    },
    "KM027274": {
      "country": "Saudi Arabia",
      "country_confidence": {
        "Saudi Arabia": 1.0
      },
      "country_entropy": -1.000088900581841e-12
    },
    "KM027275": {
      "country": "Saudi Arabia",
      "country_confidence": {
        "Saudi Arabia": 1.0
      },
      "country_entropy": -1.000088900581841e-12
    },
    "KM027276": {
      "country": "Saudi Arabia",
      "country_confidence": {
        "Saudi Arabia": 1.0
      },
      "country_entropy": -1.000088900581841e-12
    },
    "KM027277": {
      "country": "Saudi Arabia",
      "country_confidence": {
        "Saudi Arabia": 1.0
      },
      "country_entropy": -1.000088900581841e-12
    },
    "KM027278": {
      "country": "Saudi Arabia",
      "country_confidence": {
        "Saudi Arabia": 1.0
      },
      "country_entropy": -1.000088900581841e-12
    },
    "KM027279": {
      "country": "Saudi Arabia",
      "country_confidence": {
        "Saudi Arabia": 1.0
      },
      "country_entropy": -1.000088900581841e-12
    },
    "KM027280": {
      "country": "Saudi Arabia",
      "country_confidence": {
        "Saudi Arabia": 1.0
      },
      "country_entropy": -1.000088900581841e-12
    },
    "KM027281": {
      "country": "Saudi Arabia",
      "country_confidence": {
        "Saudi Arabia": 1.0
      },
      "country_entropy": -1.000088900581841e-12
    },
    "KM027282": {
      "country": "Saudi Arabia",
      "country_confidence": {
        "Saudi Arabia": 1.0
      },
      "country_entropy": -1.000088900581841e-12
    },
    "KM027283": {
      "country": "Saudi Arabia",
      "country_confidence": {
        "Saudi Arabia": 1.0
      },
      "country_entropy": -1.000088900581841e-12
    },
    "KM027284": {
      "country": "Saudi Arabia",
      "country_confidence": {
        "Saudi Arabia": 1.0
      },
      "country_entropy": -1.000088900581841e-12
    },
    "KM027285": {
      "country": "Saudi Arabia",
      "country_confidence": {
        "Saudi Arabia": 0.9999999999999999
      },
      "country_entropy": -9.99866855976916e-13
    },
    "KM027286": {
      "country": "Saudi Arabia",
      "country_confidence": {
        "Saudi Arabia": 0.9999999999999999
      },
      "country_entropy": -9.99866855976916e-13
    },
    "KM027287": {
      "country": "Saudi Arabia",
      "country_confidence": {
        "Saudi Arabia": 1.0
      },
      "country_entropy": -1.000088900581841e-12
    },
    "KM027288": {
      "country": "Saudi Arabia",
      "country_confidence": {
        "Saudi Arabia": 1.0
      },
      "country_entropy": -1.000088900581841e-12
    },
    "KM027289": {
      "country": "Saudi Arabia",
      "country_confidence": {
        "Saudi Arabia": 1.0
      },
      "country_entropy": -1.000088900581841e-12
    },
    "KM027290": {
      "country": "Saudi Arabia",
      "country_confidence": {
        "Saudi Arabia": 1.0
      },
      "country_entropy": -1.000088900581841e-12
    },
    "KM027291": {
      "country": "Saudi Arabia",
      "country_confidence": {
        "Saudi Arabia": 1.0
      },
      "country_entropy": -1.000088900581841e-12
    },
    "KM027292": {
      "country": "Saudi Arabia",
      "country_confidence": {
        "Saudi Arabia": 1.0
      },
      "country_entropy": -1.000088900581841e-12
    },
    "KM210277": {
      "country": "United Kingdom",
      "country_confidence": {
        "United Kingdom": 0.9999999999999999
      },
      "country_entropy": -9.99866855976916e-13
    },
    "KM210278": {
